62.9973474801061
62.9973474801061
62.9973474801061
62.9973474801061
62.9973474801061
62.9973474801061
62.9973474801061
62.9973474801061
62.9973474801061
62.9973474801061
62.9973474801061
62.9973474801061
62.9973474801061
62.9973474801061
62.9973474801061
62.9973474801061
62.9973474801061
62.9973474801061
62.9973474801061
62.9973474801061
62.9973474801061
62.9973474801061
62.9973474801061
62.9973474801061
62.9973474801061
62.9973474801061
62.9973474801061
62.9973474801061
62.9973474801061
62.9973474801061
62.9973474801061
62.9973474801061
62.9973474801061
62.9973474801061
62.9973474801061
62.9973474801061
62.9973474801061
62.9973474801061
62.9973474801061
62.9973474801061
62.9973474801061
62.9973474801061
62.9973474801061
62.9973474801061
62.9973474801061
62.9973474801061
62.9973474801061
62.9973474801061
62.9973474801061
62.9973474801061
62.9973474801061
62.9973474801061
62.9973474801061
62.9973474801061
62.9973474801061
62.9973474801061
62.9973474801061
62.9973474801061
62.9973474801061
62.9973474801061
62.9973474801061
62.9973474801061
62.9973474801061
62.9973474801061
62.9973474801061
62.9973474801061
62.9973474801061
62.9973474801061
62.9973474801061
62.9973474801061
62.9973474801061
62.9973474801061
62.9973474801061
62.9973474801061
62.9973474801061
62.9973474801061
62.9973474801061
62.9973474801061
62.9973474801061
62.9973474801061
62.9973474801061
62.9973474801061
62.9973474801061
62.9973474801061
62.9973474801061
62.9973474801061
62.9973474801061
62.9973474801061
62.9973474801061
62.9973474801061
62.9973474801061
62.9973474801061
62.9973474801061
62.9973474801061
63.3289124668435
64.04730327144121
64.04730327144121
64.04730327144121
64.04730327144121
64.04730327144121
64.04730327144121
64.04730327144121
64.04730327144121
64.04730327144121
64.04730327144121
64.04730327144121
64.04730327144121
64.04730327144121
64.04730327144121
64.04730327144121
64.04730327144121
64.04730327144121
64.04730327144121
64.04730327144121
64.04730327144121
64.04730327144121
64.04730327144121
64.04730327144121
64.04730327144121
64.04730327144121
64.04730327144121
64.04730327144121
64.04730327144121
64.04730327144121
64.04730327144121
64.04730327144121
64.04730327144121
64.04730327144121
64.04730327144121
64.04730327144121
64.04730327144121
64.04730327144121
64.04730327144121
64.04730327144121
64.04730327144121
64.04730327144121
64.04730327144121
64.04730327144121
64.04730327144121
64.04730327144121
64.04730327144121
64.04730327144121
64.04730327144121
64.04730327144121
64.04730327144121
64.04730327144121
64.04730327144121
64.04730327144121
64.04730327144121
64.04730327144121
64.04730327144121
64.04730327144121
64.04730327144121
64.04730327144121
64.04730327144121
64.04730327144121
64.04730327144121
64.04730327144121
64.04730327144121
64.04730327144121
64.04730327144121
64.04730327144121
64.04730327144121
64.04730327144121
64.04730327144121
64.04730327144121
64.04730327144121
64.04730327144121
64.04730327144121
64.04730327144121
64.04730327144121
64.04730327144121
64.04730327144121
64.04730327144121
64.04730327144121
64.5999115826702
65.0972590627763
65.0972590627763
65.0972590627763
65.0972590627763
65.0972590627763
65.0972590627763
65.0972590627763
65.0972590627763
65.0972590627763
65.0972590627763
65.0972590627763
65.0972590627763
65.0972590627763
65.0972590627763
65.0972590627763
65.0972590627763
65.0972590627763
65.0972590627763
65.0972590627763
65.0972590627763
65.0972590627763
65.0972590627763
65.0972590627763
65.0972590627763
65.0972590627763
65.0972590627763
65.0972590627763
65.0972590627763
65.0972590627763
65.0972590627763
65.0972590627763
65.0972590627763
65.0972590627763
65.0972590627763
65.0972590627763
65.0972590627763
65.0972590627763
65.0972590627763
65.0972590627763
63.4394341290893
61.947391688771
61.947391688771
61.947391688771
61.947391688771
61.947391688771
61.947391688771
61.947391688771
61.947391688771
61.947391688771
61.947391688771
61.947391688771
61.947391688771
61.947391688771
61.947391688771
61.947391688771
61.947391688771
61.947391688771
61.947391688771
61.947391688771
61.947391688771
61.947391688771
61.947391688771
61.947391688771
61.947391688771
61.947391688771
61.947391688771
61.947391688771
61.947391688771
61.947391688771
61.947391688771
61.947391688771
61.947391688771
61.947391688771
61.947391688771
61.947391688771
61.947391688771
61.947391688771
61.947391688771
61.947391688771
61.947391688771
61.947391688771
61.947391688771
61.947391688771
61.8921308576481
60.8974358974359
60.8974358974359
60.8974358974359
60.8974358974359
60.8974358974359
60.8974358974359
60.8974358974359
60.8974358974359
60.8974358974359
60.8974358974359
60.8974358974359
60.8974358974359
60.8974358974359
60.8974358974359
60.8974358974359
60.8974358974359
60.8974358974359
60.8974358974359
60.8974358974359
60.8974358974359
60.8974358974359
60.8974358974359
60.8974358974359
60.8974358974359
60.8974358974359
60.8974358974359
60.8974358974359
60.8974358974359
60.8974358974359
60.8974358974359
60.8974358974359
60.8974358974359
60.8974358974359
60.8974358974359
60.8974358974359
60.8974358974359
60.8974358974359
60.8974358974359
60.8974358974359
60.8974358974359
60.8974358974359
60.8974358974359
60.842175066313
59.8474801061008
59.8474801061008
59.8474801061008
59.8474801061008
59.8474801061008
59.8474801061008
59.8474801061008
59.8474801061008
59.8474801061008
59.8474801061008
59.8474801061008
59.8474801061008
59.8474801061008
59.8474801061008
59.8474801061008
59.8474801061008
59.8474801061008
59.8474801061008
59.8474801061008
59.8474801061008
59.8474801061008
59.8474801061008
59.8474801061008
59.8474801061008
59.8474801061008
59.8474801061008
59.8474801061008
59.8474801061008
59.8474801061008
59.8474801061008
59.8474801061008
59.8474801061008
59.8474801061008
59.8474801061008
59.8474801061008
59.8474801061008
59.8474801061008
59.8474801061008
59.8474801061008
59.8474801061008
59.8474801061008
59.8474801061008
59.8474801061008
59.8474801061008
59.736958443854995
57.747568523430594
57.747568523430594
57.747568523430594
57.747568523430594
57.747568523430594
57.747568523430594
57.747568523430594
57.747568523430594
57.747568523430594
57.747568523430594
57.747568523430594
57.747568523430594
57.747568523430594
57.747568523430594
57.747568523430594
57.747568523430594
57.747568523430594
57.747568523430594
57.747568523430594
57.747568523430594
57.747568523430594
57.747568523430594
57.747568523430594
57.747568523430594
57.747568523430594
57.747568523430594
57.747568523430594
57.747568523430594
57.747568523430594
57.747568523430594
57.747568523430594
57.747568523430594
57.747568523430594
57.747568523430594
57.747568523430594
57.747568523430594
57.747568523430594
57.747568523430594
57.747568523430594
57.747568523430594
57.747568523430594
57.747568523430594
57.747568523430594
58.355437665782496
58.797524314765695
58.797524314765695
58.797524314765695
58.797524314765695
58.797524314765695
58.797524314765695
58.797524314765695
58.797524314765695
58.797524314765695
58.797524314765695
58.797524314765695
58.797524314765695
58.797524314765695
58.797524314765695
58.797524314765695
58.797524314765695
58.797524314765695
58.797524314765695
58.797524314765695
58.797524314765695
58.797524314765695
58.797524314765695
58.797524314765695
58.797524314765695
58.797524314765695
58.797524314765695
58.797524314765695
58.797524314765695
58.797524314765695
58.797524314765695
58.797524314765695
58.797524314765695
58.797524314765695
58.797524314765695
58.797524314765695
58.797524314765695
58.797524314765695
58.797524314765695
58.797524314765695
58.797524314765695
58.797524314765695
58.797524314765695
58.852785145888596
59.8474801061008
59.8474801061008
59.8474801061008
59.8474801061008
59.8474801061008
59.8474801061008
59.8474801061008
59.8474801061008
59.8474801061008
59.8474801061008
59.8474801061008
59.8474801061008
59.8474801061008
59.8474801061008
59.8474801061008
59.8474801061008
59.8474801061008
59.8474801061008
59.8474801061008
59.8474801061008
59.8474801061008
59.8474801061008
59.8474801061008
59.8474801061008
59.8474801061008
59.8474801061008
59.8474801061008
59.8474801061008
59.8474801061008
59.8474801061008
59.8474801061008
59.8474801061008
59.8474801061008
59.8474801061008
59.8474801061008
59.8474801061008
59.8474801061008
59.8474801061008
59.8474801061008
59.8474801061008
59.8474801061008
59.8474801061008
59.8474801061008
59.4606542882405
58.797524314765695
58.797524314765695
58.797524314765695
58.797524314765695
58.797524314765695
58.797524314765695
58.797524314765695
58.797524314765695
58.797524314765695
58.797524314765695
58.797524314765695
58.797524314765695
58.797524314765695
58.797524314765695
58.797524314765695
58.797524314765695
58.797524314765695
58.797524314765695
58.797524314765695
58.797524314765695
58.797524314765695
58.797524314765695
58.797524314765695
58.797524314765695
58.797524314765695
58.797524314765695
58.797524314765695
58.797524314765695
58.797524314765695
58.797524314765695
58.797524314765695
58.797524314765695
58.797524314765695
58.797524314765695
58.797524314765695
58.797524314765695
58.797524314765695
58.797524314765695
58.797524314765695
58.797524314765695
59.12908930150309
65.0972590627763
65.0972590627763
65.0972590627763
65.0972590627763
65.0972590627763
65.0972590627763
65.0972590627763
65.0972590627763
65.0972590627763
65.0972590627763
65.0972590627763
65.0972590627763
65.0972590627763
65.0972590627763
65.0972590627763
65.0972590627763
65.0972590627763
65.0972590627763
65.0972590627763
65.0972590627763
65.0972590627763
65.0972590627763
65.0972590627763
65.0972590627763
65.0972590627763
65.0972590627763
65.0972590627763
65.0972590627763
65.0972590627763
65.0972590627763
65.0972590627763
65.0972590627763
65.0972590627763
65.0972590627763
65.0972590627763
65.0972590627763
65.0972590627763
65.0972590627763
65.0972590627763
65.0972590627763
65.0972590627763
65.0972590627763
64.5999115826702
61.947391688771
61.947391688771
61.947391688771
61.947391688771
61.947391688771
61.947391688771
61.947391688771
61.947391688771
61.947391688771
61.947391688771
61.947391688771
61.947391688771
61.947391688771
61.947391688771
61.947391688771
61.947391688771
61.947391688771
61.947391688771
61.947391688771
61.947391688771
61.947391688771
61.947391688771
61.947391688771
61.947391688771
61.947391688771
61.947391688771
61.947391688771
61.947391688771
61.947391688771
61.947391688771
61.947391688771
61.947391688771
61.947391688771
61.947391688771
61.947391688771
61.947391688771
61.947391688771
61.947391688771
61.947391688771
61.947391688771
61.947391688771
61.947391688771
61.947391688771
61.7816091954023
58.797524314765695
58.797524314765695
58.797524314765695
58.797524314765695
58.797524314765695
58.797524314765695
58.797524314765695
58.797524314765695
58.797524314765695
58.797524314765695
58.797524314765695
58.797524314765695
58.797524314765695
58.797524314765695
58.797524314765695
58.797524314765695
58.797524314765695
58.797524314765695
58.797524314765695
58.797524314765695
58.797524314765695
58.797524314765695
58.797524314765695
58.797524314765695
58.797524314765695
58.797524314765695
58.797524314765695
58.797524314765695
58.797524314765695
58.797524314765695
58.797524314765695
58.797524314765695
58.797524314765695
58.797524314765695
58.797524314765695
58.797524314765695
58.797524314765695
58.797524314765695
58.797524314765695
58.797524314765695
58.797524314765695
58.797524314765695
58.797524314765695
58.797524314765695
58.797524314765695
58.797524314765695
58.797524314765695
58.797524314765695
58.797524314765695
58.797524314765695
58.797524314765695
58.797524314765695
58.797524314765695
58.797524314765695
58.797524314765695
58.797524314765695
58.797524314765695
58.797524314765695
58.797524314765695
58.797524314765695
58.797524314765695
58.797524314765695
58.797524314765695
58.797524314765695
58.797524314765695
58.797524314765695
58.797524314765695
58.797524314765695
58.797524314765695
58.797524314765695
58.797524314765695
58.797524314765695
58.797524314765695
58.797524314765695
58.797524314765695
58.797524314765695
58.797524314765695
58.797524314765695
58.797524314765695
58.797524314765695
58.797524314765695
58.797524314765695
58.189655172413794
57.747568523430594
57.747568523430594
57.747568523430594
57.747568523430594
57.747568523430594
57.747568523430594
57.747568523430594
57.747568523430594
57.747568523430594
57.747568523430594
57.747568523430594
57.747568523430594
57.747568523430594
57.747568523430594
57.747568523430594
57.747568523430594
57.747568523430594
57.747568523430594
57.747568523430594
57.747568523430594
57.747568523430594
57.747568523430594
57.747568523430594
57.747568523430594
57.747568523430594
57.747568523430594
57.747568523430594
57.747568523430594
57.747568523430594
57.747568523430594
57.747568523430594
57.747568523430594
57.747568523430594
57.747568523430594
57.747568523430594
57.747568523430594
57.747568523430594
57.747568523430594
57.747568523430594
57.13969938107869
56.69761273209549
56.69761273209549
56.69761273209549
56.69761273209549
56.69761273209549
56.69761273209549
56.69761273209549
56.69761273209549
56.69761273209549
56.69761273209549
56.69761273209549
56.69761273209549
56.69761273209549
56.69761273209549
56.69761273209549
56.69761273209549
56.69761273209549
56.69761273209549
56.69761273209549
56.69761273209549
56.69761273209549
56.69761273209549
56.69761273209549
56.69761273209549
56.69761273209549
56.69761273209549
56.69761273209549
56.69761273209549
56.69761273209549
56.69761273209549
56.69761273209549
56.69761273209549
56.69761273209549
56.69761273209549
56.69761273209549
56.69761273209549
56.69761273209549
56.69761273209549
56.69761273209549
58.02387267904509
58.797524314765695
58.797524314765695
58.797524314765695
58.797524314765695
58.797524314765695
58.797524314765695
58.797524314765695
58.797524314765695
58.797524314765695
58.797524314765695
58.797524314765695
58.797524314765695
58.797524314765695
58.797524314765695
58.797524314765695
58.797524314765695
58.797524314765695
58.797524314765695
58.797524314765695
58.797524314765695
58.797524314765695
58.797524314765695
58.797524314765695
58.797524314765695
58.797524314765695
58.797524314765695
58.797524314765695
58.797524314765695
58.797524314765695
58.797524314765695
58.797524314765695
58.797524314765695
58.797524314765695
58.797524314765695
58.797524314765695
58.797524314765695
58.797524314765695
58.797524314765695
59.01856763925729
60.8974358974359
60.8974358974359
60.8974358974359
60.8974358974359
60.8974358974359
60.8974358974359
60.8974358974359
60.8974358974359
60.8974358974359
60.8974358974359
60.8974358974359
60.8974358974359
60.8974358974359
60.8974358974359
60.8974358974359
60.8974358974359
60.8974358974359
60.8974358974359
60.8974358974359
60.8974358974359
60.8974358974359
60.8974358974359
60.8974358974359
60.8974358974359
60.8974358974359
60.8974358974359
60.8974358974359
60.8974358974359
60.8974358974359
60.8974358974359
60.8974358974359
60.8974358974359
60.8974358974359
60.8974358974359
60.8974358974359
60.8974358974359
60.8974358974359
60.8974358974359
60.8974358974359
60.8974358974359
60.8974358974359
60.8974358974359
60.8974358974359
60.8974358974359
60.8974358974359
60.8974358974359
60.8974358974359
60.8974358974359
60.8974358974359
60.8974358974359
60.8974358974359
60.8974358974359
60.8974358974359
60.8974358974359
60.8974358974359
60.8974358974359
60.8974358974359
60.8974358974359
60.8974358974359
60.8974358974359
60.8974358974359
60.8974358974359
60.8974358974359
60.8974358974359
60.8974358974359
60.8974358974359
60.8974358974359
60.8974358974359
60.8974358974359
60.8974358974359
60.8974358974359
60.8974358974359
60.8974358974359
60.8974358974359
60.8974358974359
60.8974358974359
60.8974358974359
60.8974358974359
62.223695844385496
62.9973474801061
62.9973474801061
62.9973474801061
62.9973474801061
62.9973474801061
62.9973474801061
62.9973474801061
62.9973474801061
62.9973474801061
62.9973474801061
62.9973474801061
62.9973474801061
62.9973474801061
62.9973474801061
62.9973474801061
62.9973474801061
