73.49690539345711
73.49690539345711
73.49690539345711
73.49690539345711
73.49690539345711
73.49690539345711
73.49690539345711
74.60212201591511
77.69672855879752
77.69672855879752
77.69672855879752
77.69672855879752
77.69672855879752
77.69672855879752
77.69672855879752
77.69672855879752
77.69672855879752
77.69672855879752
77.69672855879752
77.69672855879752
77.69672855879752
77.69672855879752
77.69672855879752
77.69672855879752
77.69672855879752
77.69672855879752
77.69672855879752
77.69672855879752
77.69672855879752
77.69672855879752
77.69672855879752
77.69672855879752
77.69672855879752
77.69672855879752
77.69672855879752
77.69672855879752
77.69672855879752
77.69672855879752
77.69672855879752
77.69672855879752
77.69672855879752
77.69672855879752
77.69672855879752
77.69672855879752
77.69672855879752
77.69672855879752
77.69672855879752
77.69672855879752
77.69672855879752
77.69672855879752
77.69672855879752
71.39699381078691
71.39699381078691
71.39699381078691
71.39699381078691
71.39699381078691
71.39699381078691
71.39699381078691
71.39699381078691
71.39699381078691
71.39699381078691
71.39699381078691
71.39699381078691
71.39699381078691
71.39699381078691
71.39699381078691
71.39699381078691
71.39699381078691
71.39699381078691
71.39699381078691
71.39699381078691
71.39699381078691
71.39699381078691
71.39699381078691
71.39699381078691
71.39699381078691
71.39699381078691
71.39699381078691
71.39699381078691
71.39699381078691
71.39699381078691
71.39699381078691
71.39699381078691
71.39699381078691
71.39699381078691
71.39699381078691
71.39699381078691
71.39699381078691
71.39699381078691
71.39699381078691
71.39699381078691
71.39699381078691
71.39699381078691
71.39699381078691
71.39699381078691
70.89964633068081
70.34703801945182
70.34703801945182
70.34703801945182
70.34703801945182
70.34703801945182
70.34703801945182
70.34703801945182
70.34703801945182
70.34703801945182
70.34703801945182
70.34703801945182
70.34703801945182
70.34703801945182
70.34703801945182
70.34703801945182
70.34703801945182
70.34703801945182
70.34703801945182
70.34703801945182
70.34703801945182
70.34703801945182
70.34703801945182
70.34703801945182
70.34703801945182
70.34703801945182
70.34703801945182
70.34703801945182
70.34703801945182
70.34703801945182
70.34703801945182
70.34703801945182
70.34703801945182
70.34703801945182
70.34703801945182
70.34703801945182
70.34703801945182
70.34703801945182
70.34703801945182
70.34703801945182
79.79664014146773
79.79664014146773
79.79664014146773
79.79664014146773
79.79664014146773
79.79664014146773
79.79664014146773
79.79664014146773
79.79664014146773
79.79664014146773
79.79664014146773
79.79664014146773
79.79664014146773
79.79664014146773
79.79664014146773
79.79664014146773
79.79664014146773
79.79664014146773
79.79664014146773
79.79664014146773
79.79664014146773
79.79664014146773
79.79664014146773
79.79664014146773
79.79664014146773
79.79664014146773
79.79664014146773
79.79664014146773
79.79664014146773
79.79664014146773
79.79664014146773
79.79664014146773
79.79664014146773
79.79664014146773
79.79664014146773
79.79664014146773
79.79664014146773
79.79664014146773
79.79664014146773
79.79664014146773
79.79664014146773
79.79664014146773
74.54686118479222
74.54686118479222
74.54686118479222
74.54686118479222
74.54686118479222
74.54686118479222
74.54686118479222
74.54686118479222
74.54686118479222
74.54686118479222
74.54686118479222
74.54686118479222
74.54686118479222
74.54686118479222
74.54686118479222
74.54686118479222
74.54686118479222
74.54686118479222
74.54686118479222
74.54686118479222
74.54686118479222
74.54686118479222
74.54686118479222
74.54686118479222
74.54686118479222
74.54686118479222
74.54686118479222
74.54686118479222
74.54686118479222
74.54686118479222
74.54686118479222
74.54686118479222
74.54686118479222
74.54686118479222
74.54686118479222
74.54686118479222
74.54686118479222
74.54686118479222
74.54686118479222
74.54686118479222
75.37577365163573
77.69672855879752
77.69672855879752
77.69672855879752
77.69672855879752
77.69672855879752
77.69672855879752
77.69672855879752
77.69672855879752
77.69672855879752
77.69672855879752
77.69672855879752
77.69672855879752
77.69672855879752
77.69672855879752
77.69672855879752
77.69672855879752
77.69672855879752
77.69672855879752
77.69672855879752
77.69672855879752
77.69672855879752
77.69672855879752
77.69672855879752
77.69672855879752
77.69672855879752
77.69672855879752
77.69672855879752
77.69672855879752
77.69672855879752
77.69672855879752
77.69672855879752
77.69672855879752
77.69672855879752
77.69672855879752
77.69672855879752
77.69672855879752
77.69672855879752
77.69672855879752
77.69672855879752
77.69672855879752
77.69672855879752
77.69672855879752
77.69672855879752
76.14942528735632
70.34703801945182
70.34703801945182
70.34703801945182
70.34703801945182
70.34703801945182
70.34703801945182
70.34703801945182
70.34703801945182
70.34703801945182
70.34703801945182
70.34703801945182
70.34703801945182
70.34703801945182
70.34703801945182
70.34703801945182
70.34703801945182
70.34703801945182
70.34703801945182
70.34703801945182
70.34703801945182
70.34703801945182
70.34703801945182
70.34703801945182
70.34703801945182
70.34703801945182
70.34703801945182
70.34703801945182
70.34703801945182
70.34703801945182
70.34703801945182
70.34703801945182
70.34703801945182
70.34703801945182
70.34703801945182
70.34703801945182
70.34703801945182
70.34703801945182
70.34703801945182
70.34703801945182
70.34703801945182
70.34703801945182
70.34703801945182
72.83377541998232
73.49690539345711
73.49690539345711
73.49690539345711
73.49690539345711
73.49690539345711
73.49690539345711
73.49690539345711
73.49690539345711
73.49690539345711
73.49690539345711
73.49690539345711
73.49690539345711
73.49690539345711
73.49690539345711
73.49690539345711
73.49690539345711
73.49690539345711
73.49690539345711
73.49690539345711
73.49690539345711
73.49690539345711
73.49690539345711
73.49690539345711
73.49690539345711
73.49690539345711
73.49690539345711
73.49690539345711
73.49690539345711
73.49690539345711
73.49690539345711
73.49690539345711
73.49690539345711
73.49690539345711
73.49690539345711
73.49690539345711
73.49690539345711
73.49690539345711
73.49690539345711
73.49690539345711
73.49690539345711
73.49690539345711
73.49690539345711
73.49690539345711
73.49690539345711
72.11538461538461
68.24712643678161
68.24712643678161
68.24712643678161
68.24712643678161
68.24712643678161
68.24712643678161
68.24712643678161
68.24712643678161
68.24712643678161
68.24712643678161
68.24712643678161
68.24712643678161
68.24712643678161
68.24712643678161
68.24712643678161
68.24712643678161
68.24712643678161
68.24712643678161
68.24712643678161
68.24712643678161
68.24712643678161
68.24712643678161
68.24712643678161
68.24712643678161
68.24712643678161
68.24712643678161
68.24712643678161
68.24712643678161
68.24712643678161
68.24712643678161
68.24712643678161
68.24712643678161
68.24712643678161
68.24712643678161
68.24712643678161
68.24712643678161
68.24712643678161
68.24712643678161
68.24712643678161
68.24712643678161
68.24712643678161
68.24712643678161
71.34173297966402
72.44694960212202
72.44694960212202
72.44694960212202
72.44694960212202
72.44694960212202
72.44694960212202
72.44694960212202
72.44694960212202
72.44694960212202
72.44694960212202
72.44694960212202
72.44694960212202
72.44694960212202
72.44694960212202
72.44694960212202
72.44694960212202
72.44694960212202
72.44694960212202
72.44694960212202
72.44694960212202
72.44694960212202
72.44694960212202
72.44694960212202
72.44694960212202
72.44694960212202
72.44694960212202
72.44694960212202
72.44694960212202
72.44694960212202
72.44694960212202
72.44694960212202
72.44694960212202
72.44694960212202
72.44694960212202
72.44694960212202
72.44694960212202
72.44694960212202
72.44694960212202
72.44694960212202
72.44694960212202
72.44694960212202
72.44694960212202
72.44694960212202
72.11538461538461
71.39699381078691
71.39699381078691
71.39699381078691
71.39699381078691
71.39699381078691
71.39699381078691
71.39699381078691
71.39699381078691
71.39699381078691
71.39699381078691
71.39699381078691
71.39699381078691
71.39699381078691
71.39699381078691
71.39699381078691
71.39699381078691
71.39699381078691
71.39699381078691
71.39699381078691
71.39699381078691
71.39699381078691
71.39699381078691
71.39699381078691
71.39699381078691
71.39699381078691
71.39699381078691
71.39699381078691
71.39699381078691
71.39699381078691
71.39699381078691
71.39699381078691
71.39699381078691
71.39699381078691
71.39699381078691
71.39699381078691
71.39699381078691
71.39699381078691
71.39699381078691
71.39699381078691
71.39699381078691
71.39699381078691
71.39699381078691
71.39699381078691
71.67329796640142
72.44694960212202
72.44694960212202
72.44694960212202
72.44694960212202
72.44694960212202
72.44694960212202
72.44694960212202
72.44694960212202
72.44694960212202
72.44694960212202
72.44694960212202
72.44694960212202
72.44694960212202
72.44694960212202
72.44694960212202
72.44694960212202
72.44694960212202
72.44694960212202
72.44694960212202
72.44694960212202
72.44694960212202
72.44694960212202
72.44694960212202
72.44694960212202
72.44694960212202
72.44694960212202
72.44694960212202
72.44694960212202
72.44694960212202
72.44694960212202
72.44694960212202
72.44694960212202
72.44694960212202
72.44694960212202
72.44694960212202
72.44694960212202
72.44694960212202
72.44694960212202
72.44694960212202
72.44694960212202
72.66799292661362
74.54686118479222
74.54686118479222
74.54686118479222
74.54686118479222
74.54686118479222
74.54686118479222
74.54686118479222
74.54686118479222
74.54686118479222
74.54686118479222
74.54686118479222
74.54686118479222
74.54686118479222
74.54686118479222
74.54686118479222
74.54686118479222
74.54686118479222
74.54686118479222
74.54686118479222
74.54686118479222
74.54686118479222
74.54686118479222
74.54686118479222
74.54686118479222
74.54686118479222
74.54686118479222
74.54686118479222
74.54686118479222
74.54686118479222
74.54686118479222
74.54686118479222
74.54686118479222
74.54686118479222
74.54686118479222
74.54686118479222
74.54686118479222
74.54686118479222
74.54686118479222
74.54686118479222
74.54686118479222
74.54686118479222
74.54686118479222
74.54686118479222
74.54686118479222
74.54686118479222
74.54686118479222
74.54686118479222
74.54686118479222
74.54686118479222
74.54686118479222
74.54686118479222
74.54686118479222
74.54686118479222
74.54686118479222
74.54686118479222
74.54686118479222
74.54686118479222
74.54686118479222
74.54686118479222
74.54686118479222
74.54686118479222
74.54686118479222
74.54686118479222
74.54686118479222
74.54686118479222
74.54686118479222
74.54686118479222
74.54686118479222
74.54686118479222
74.54686118479222
74.54686118479222
74.54686118479222
74.54686118479222
74.54686118479222
74.54686118479222
74.54686118479222
74.54686118479222
74.54686118479222
74.54686118479222
74.54686118479222
74.54686118479222
74.54686118479222
74.54686118479222
74.54686118479222
74.54686118479222
74.54686118479222
72.99955791335101
70.34703801945182
70.34703801945182
70.34703801945182
70.34703801945182
70.34703801945182
70.34703801945182
70.34703801945182
70.34703801945182
70.34703801945182
70.34703801945182
70.34703801945182
70.34703801945182
70.34703801945182
70.34703801945182
70.34703801945182
70.34703801945182
70.34703801945182
70.34703801945182
70.34703801945182
70.34703801945182
70.34703801945182
70.34703801945182
70.34703801945182
70.34703801945182
70.34703801945182
70.34703801945182
70.34703801945182
70.34703801945182
70.34703801945182
70.34703801945182
70.34703801945182
70.34703801945182
70.34703801945182
70.34703801945182
70.34703801945182
70.34703801945182
70.34703801945182
70.34703801945182
70.34703801945182
70.34703801945182
75.65207780725022
76.64677276746242
76.64677276746242
76.64677276746242
76.64677276746242
76.64677276746242
76.64677276746242
76.64677276746242
76.64677276746242
76.64677276746242
76.64677276746242
76.64677276746242
76.64677276746242
76.64677276746242
76.64677276746242
76.64677276746242
76.64677276746242
76.64677276746242
76.64677276746242
76.64677276746242
76.64677276746242
76.64677276746242
76.64677276746242
76.64677276746242
76.64677276746242
76.64677276746242
76.64677276746242
76.64677276746242
76.64677276746242
76.64677276746242
76.64677276746242
76.64677276746242
76.64677276746242
76.64677276746242
76.64677276746242
76.64677276746242
76.64677276746242
76.64677276746242
76.64677276746242
76.64677276746242
76.64677276746242
76.64677276746242
75.76259946949602
75.59681697612731
75.59681697612731
75.59681697612731
75.59681697612731
75.59681697612731
75.59681697612731
75.59681697612731
75.59681697612731
75.59681697612731
75.59681697612731
75.59681697612731
75.59681697612731
75.59681697612731
75.59681697612731
75.59681697612731
75.59681697612731
75.59681697612731
75.59681697612731
75.59681697612731
75.59681697612731
75.59681697612731
75.59681697612731
75.59681697612731
75.59681697612731
75.59681697612731
75.59681697612731
75.59681697612731
75.59681697612731
75.59681697612731
75.59681697612731
75.59681697612731
75.59681697612731
75.59681697612731
75.59681697612731
75.59681697612731
75.59681697612731
75.59681697612731
75.59681697612731
75.59681697612731
76.37046861184793
77.69672855879752
77.69672855879752
77.69672855879752
77.69672855879752
77.69672855879752
77.69672855879752
77.69672855879752
77.69672855879752
77.69672855879752
77.69672855879752
77.69672855879752
77.69672855879752
77.69672855879752
77.69672855879752
77.69672855879752
77.69672855879752
77.69672855879752
77.69672855879752
77.69672855879752
77.69672855879752
77.69672855879752
77.69672855879752
77.69672855879752
77.69672855879752
77.69672855879752
77.69672855879752
77.69672855879752
77.69672855879752
77.69672855879752
77.69672855879752
77.69672855879752
77.69672855879752
77.69672855879752
77.69672855879752
77.69672855879752
77.69672855879752
77.69672855879752
77.69672855879752
77.69672855879752
79.35455349248453
79.79664014146773
79.79664014146773
79.79664014146773
79.79664014146773
79.79664014146773
79.79664014146773
79.79664014146773
79.79664014146773
79.79664014146773
79.79664014146773
79.79664014146773
79.79664014146773
79.79664014146773
79.79664014146773
79.79664014146773
79.79664014146773
79.79664014146773
79.79664014146773
79.79664014146773
79.79664014146773
79.79664014146773
79.79664014146773
79.79664014146773
79.79664014146773
79.79664014146773
79.79664014146773
79.79664014146773
79.79664014146773
79.79664014146773
79.79664014146773
79.79664014146773
79.79664014146773
79.79664014146773
79.79664014146773
79.79664014146773
79.79664014146773
79.79664014146773
79.79664014146773
79.40981432360742
78.74668435013263
78.74668435013263
78.74668435013263
78.74668435013263
78.74668435013263
78.74668435013263
78.74668435013263
78.74668435013263
78.74668435013263
78.74668435013263
78.74668435013263
78.74668435013263
78.74668435013263
78.74668435013263
78.74668435013263
78.74668435013263
78.74668435013263
78.74668435013263
78.74668435013263
78.74668435013263
78.74668435013263
78.74668435013263
78.74668435013263
78.74668435013263
78.74668435013263
78.74668435013263
78.74668435013263
78.74668435013263
78.74668435013263
78.74668435013263
78.74668435013263
78.74668435013263
78.74668435013263
78.74668435013263
78.74668435013263
78.74668435013263
78.74668435013263
78.74668435013263
78.74668435013263
78.74668435013263
77.80725022104332
77.69672855879752
77.69672855879752
77.69672855879752
77.69672855879752
77.69672855879752
77.69672855879752
77.69672855879752
77.69672855879752
77.69672855879752
77.69672855879752
77.69672855879752
77.69672855879752
77.69672855879752
77.69672855879752
77.69672855879752
77.69672855879752
77.69672855879752
77.69672855879752
77.69672855879752
77.69672855879752
77.69672855879752
77.69672855879752
77.69672855879752
77.69672855879752
77.69672855879752
77.69672855879752
77.69672855879752
77.69672855879752
77.69672855879752
77.69672855879752
77.69672855879752
77.69672855879752
77.69672855879752
77.69672855879752
77.69672855879752
77.69672855879752
77.69672855879752
81.45446507515473
81.89655172413794
81.89655172413794
81.89655172413794
81.89655172413794
81.89655172413794
81.89655172413794
81.89655172413794
81.89655172413794
81.89655172413794
81.89655172413794
81.89655172413794
81.89655172413794
81.89655172413794
81.89655172413794
