73.49690539345711
73.49690539345711
73.49690539345711
73.49690539345711
73.49690539345711
73.49690539345711
73.49690539345711
73.49690539345711
73.49690539345711
73.49690539345711
74.49160035366931
75.59681697612731
75.59681697612731
75.59681697612731
75.59681697612731
75.59681697612731
75.59681697612731
75.59681697612731
75.59681697612731
75.59681697612731
75.59681697612731
75.59681697612731
75.59681697612731
75.59681697612731
75.59681697612731
75.59681697612731
75.59681697612731
75.59681697612731
75.59681697612731
75.59681697612731
75.59681697612731
75.59681697612731
75.59681697612731
75.59681697612731
75.59681697612731
75.59681697612731
75.59681697612731
75.59681697612731
75.59681697612731
75.59681697612731
75.59681697612731
75.59681697612731
75.59681697612731
75.59681697612731
75.59681697612731
75.59681697612731
75.59681697612731
75.59681697612731
75.59681697612731
75.59681697612731
75.59681697612731
75.09946949602121
74.54686118479222
74.54686118479222
74.54686118479222
74.54686118479222
74.54686118479222
74.54686118479222
74.54686118479222
74.54686118479222
74.54686118479222
74.54686118479222
74.54686118479222
74.54686118479222
74.54686118479222
74.54686118479222
74.54686118479222
74.54686118479222
74.54686118479222
74.54686118479222
74.54686118479222
74.54686118479222
74.54686118479222
74.54686118479222
74.54686118479222
74.54686118479222
74.54686118479222
74.54686118479222
74.54686118479222
74.54686118479222
74.54686118479222
74.54686118479222
74.54686118479222
74.54686118479222
74.54686118479222
74.54686118479222
74.54686118479222
74.54686118479222
74.54686118479222
74.54686118479222
74.54686118479222
74.54686118479222
74.54686118479222
74.54686118479222
74.54686118479222
74.54686118479222
74.54686118479222
74.54686118479222
74.54686118479222
74.54686118479222
74.54686118479222
74.54686118479222
74.54686118479222
74.54686118479222
74.54686118479222
74.54686118479222
74.54686118479222
74.54686118479222
74.54686118479222
74.54686118479222
74.54686118479222
74.54686118479222
74.54686118479222
74.54686118479222
74.54686118479222
74.54686118479222
74.54686118479222
74.54686118479222
74.54686118479222
74.54686118479222
74.54686118479222
74.54686118479222
74.54686118479222
74.54686118479222
74.54686118479222
74.54686118479222
74.54686118479222
74.54686118479222
74.54686118479222
74.54686118479222
74.54686118479222
74.54686118479222
74.54686118479222
74.54686118479222
74.54686118479222
73.99425287356321
73.49690539345711
73.49690539345711
73.49690539345711
73.49690539345711
73.49690539345711
73.49690539345711
73.49690539345711
73.49690539345711
73.49690539345711
73.49690539345711
73.49690539345711
73.49690539345711
73.49690539345711
73.49690539345711
73.49690539345711
73.49690539345711
73.49690539345711
73.49690539345711
73.49690539345711
73.49690539345711
73.49690539345711
73.49690539345711
73.49690539345711
73.49690539345711
73.49690539345711
73.49690539345711
73.49690539345711
73.49690539345711
73.49690539345711
73.49690539345711
73.49690539345711
73.49690539345711
73.49690539345711
73.49690539345711
73.49690539345711
73.49690539345711
73.49690539345711
73.49690539345711
73.49690539345711
73.49690539345711
73.49690539345711
74.54686118479222
74.54686118479222
74.54686118479222
74.54686118479222
74.54686118479222
74.54686118479222
74.54686118479222
74.54686118479222
74.54686118479222
74.54686118479222
74.54686118479222
74.54686118479222
74.54686118479222
74.54686118479222
74.54686118479222
74.54686118479222
74.54686118479222
74.54686118479222
74.54686118479222
74.54686118479222
74.54686118479222
74.54686118479222
74.54686118479222
74.54686118479222
74.54686118479222
74.54686118479222
74.54686118479222
74.54686118479222
74.54686118479222
74.54686118479222
74.54686118479222
74.54686118479222
74.54686118479222
74.54686118479222
74.54686118479222
74.54686118479222
74.54686118479222
74.54686118479222
74.54686118479222
74.54686118479222
74.54686118479222
74.54686118479222
74.54686118479222
74.54686118479222
74.54686118479222
74.54686118479222
74.54686118479222
74.54686118479222
74.54686118479222
74.54686118479222
74.54686118479222
74.54686118479222
74.54686118479222
74.54686118479222
74.54686118479222
74.54686118479222
74.54686118479222
74.54686118479222
74.54686118479222
74.54686118479222
74.54686118479222
74.54686118479222
74.54686118479222
74.54686118479222
74.54686118479222
74.54686118479222
74.54686118479222
74.54686118479222
74.54686118479222
74.54686118479222
74.54686118479222
74.54686118479222
74.54686118479222
74.54686118479222
74.54686118479222
74.54686118479222
74.54686118479222
74.54686118479222
74.54686118479222
74.54686118479222
74.54686118479222
74.54686118479222
74.54686118479222
74.54686118479222
74.54686118479222
74.54686118479222
72.44694960212202
72.44694960212202
72.44694960212202
72.44694960212202
72.44694960212202
72.44694960212202
72.44694960212202
72.44694960212202
72.44694960212202
72.44694960212202
72.44694960212202
72.44694960212202
72.44694960212202
72.44694960212202
72.44694960212202
72.44694960212202
72.44694960212202
72.44694960212202
72.44694960212202
72.44694960212202
72.44694960212202
72.44694960212202
72.44694960212202
72.44694960212202
72.44694960212202
72.44694960212202
72.44694960212202
72.44694960212202
72.44694960212202
72.44694960212202
72.44694960212202
72.44694960212202
72.44694960212202
72.44694960212202
72.44694960212202
72.44694960212202
72.44694960212202
72.44694960212202
72.44694960212202
72.44694960212202
72.44694960212202
72.44694960212202
72.44694960212202
72.44694960212202
72.44694960212202
72.44694960212202
72.44694960212202
72.44694960212202
72.44694960212202
72.44694960212202
72.44694960212202
72.44694960212202
72.44694960212202
72.44694960212202
72.44694960212202
72.44694960212202
72.44694960212202
72.44694960212202
72.44694960212202
72.44694960212202
72.44694960212202
72.44694960212202
72.44694960212202
72.44694960212202
72.44694960212202
72.44694960212202
72.44694960212202
72.44694960212202
72.44694960212202
72.44694960212202
72.44694960212202
72.44694960212202
72.44694960212202
72.44694960212202
72.44694960212202
72.44694960212202
72.44694960212202
72.44694960212202
72.44694960212202
72.44694960212202
72.44694960212202
72.44694960212202
72.44694960212202
72.44694960212202
72.44694960212202
72.44694960212202
72.44694960212202
71.45225464190982
70.34703801945182
70.34703801945182
70.34703801945182
70.34703801945182
70.34703801945182
70.34703801945182
70.34703801945182
70.34703801945182
70.34703801945182
70.34703801945182
70.34703801945182
70.34703801945182
70.34703801945182
70.34703801945182
70.34703801945182
70.34703801945182
70.34703801945182
70.34703801945182
70.34703801945182
70.34703801945182
70.34703801945182
70.34703801945182
70.34703801945182
70.34703801945182
70.34703801945182
70.34703801945182
70.34703801945182
70.34703801945182
70.34703801945182
70.34703801945182
70.34703801945182
70.34703801945182
70.34703801945182
70.34703801945182
70.34703801945182
70.34703801945182
70.34703801945182
70.34703801945182
70.34703801945182
70.34703801945182
70.34703801945182
70.34703801945182
70.34703801945182
70.34703801945182
70.34703801945182
70.34703801945182
70.34703801945182
70.34703801945182
70.34703801945182
70.34703801945182
70.34703801945182
70.34703801945182
70.34703801945182
70.34703801945182
70.34703801945182
70.34703801945182
70.34703801945182
70.34703801945182
70.34703801945182
70.34703801945182
70.34703801945182
70.34703801945182
70.34703801945182
70.34703801945182
70.34703801945182
70.34703801945182
70.34703801945182
70.34703801945182
70.34703801945182
70.34703801945182
70.34703801945182
70.34703801945182
70.34703801945182
70.34703801945182
70.34703801945182
70.34703801945182
70.34703801945182
70.34703801945182
70.34703801945182
70.34703801945182
70.34703801945182
70.34703801945182
70.34703801945182
70.34703801945182
70.34703801945182
70.34703801945182
70.34703801945182
70.34703801945182
70.34703801945182
70.34703801945182
70.34703801945182
70.34703801945182
70.34703801945182
70.34703801945182
70.34703801945182
70.34703801945182
70.34703801945182
70.34703801945182
70.34703801945182
70.34703801945182
70.34703801945182
70.34703801945182
70.34703801945182
70.34703801945182
70.34703801945182
70.34703801945182
70.34703801945182
70.34703801945182
70.34703801945182
70.34703801945182
51.834659593280286
0.0
0.0
0.0
0.0
0.0
0.0
0.0
0.0
0.0
0.0
0.0
0.0
0.0
0.0
0.0
0.0
0.0
0.0
0.0
0.0
0.0
0.0
0.0
0.0
0.0
0.0
0.0
0.0
0.0
0.0
0.0
0.0
0.0
0.0
0.0
0.0
40.727232537577365
70.34703801945182
70.34703801945182
70.34703801945182
70.34703801945182
70.34703801945182
70.34703801945182
70.34703801945182
70.34703801945182
70.34703801945182
70.34703801945182
70.34703801945182
70.34703801945182
70.34703801945182
70.34703801945182
70.34703801945182
70.34703801945182
70.34703801945182
70.34703801945182
70.34703801945182
70.34703801945182
70.34703801945182
70.34703801945182
70.34703801945182
70.34703801945182
70.34703801945182
71.56277630415562
72.44694960212202
72.44694960212202
72.44694960212202
72.44694960212202
72.44694960212202
72.44694960212202
72.44694960212202
72.44694960212202
72.44694960212202
72.44694960212202
72.44694960212202
72.44694960212202
72.44694960212202
72.44694960212202
72.44694960212202
72.44694960212202
72.44694960212202
72.44694960212202
72.44694960212202
72.44694960212202
72.44694960212202
72.44694960212202
72.44694960212202
72.44694960212202
72.44694960212202
72.44694960212202
72.44694960212202
72.44694960212202
72.44694960212202
72.44694960212202
72.44694960212202
72.44694960212202
72.44694960212202
72.44694960212202
72.44694960212202
72.44694960212202
72.44694960212202
72.44694960212202
72.44694960212202
72.66799292661362
74.54686118479222
74.54686118479222
74.54686118479222
74.54686118479222
74.54686118479222
74.54686118479222
74.54686118479222
74.54686118479222
74.54686118479222
74.54686118479222
74.54686118479222
74.54686118479222
74.54686118479222
74.54686118479222
74.54686118479222
74.54686118479222
74.54686118479222
74.54686118479222
74.54686118479222
74.54686118479222
74.54686118479222
74.54686118479222
74.54686118479222
74.54686118479222
74.54686118479222
74.54686118479222
74.54686118479222
74.54686118479222
74.54686118479222
74.54686118479222
74.54686118479222
74.54686118479222
74.54686118479222
74.54686118479222
74.54686118479222
74.54686118479222
74.54686118479222
74.54686118479222
74.54686118479222
74.54686118479222
74.54686118479222
74.54686118479222
74.54686118479222
74.54686118479222
73.22060123784262
72.44694960212202
72.44694960212202
72.44694960212202
72.44694960212202
72.44694960212202
72.44694960212202
72.44694960212202
72.44694960212202
72.44694960212202
72.44694960212202
72.44694960212202
72.44694960212202
72.44694960212202
72.44694960212202
72.44694960212202
72.44694960212202
72.44694960212202
72.44694960212202
72.44694960212202
72.44694960212202
72.44694960212202
72.44694960212202
72.44694960212202
72.44694960212202
72.44694960212202
72.44694960212202
72.44694960212202
72.44694960212202
72.44694960212202
72.44694960212202
72.44694960212202
72.44694960212202
72.44694960212202
72.44694960212202
72.44694960212202
72.44694960212202
72.44694960212202
72.44694960212202
72.44694960212202
72.44694960212202
72.44694960212202
70.45755968169762
69.29708222811671
69.29708222811671
69.29708222811671
69.29708222811671
69.29708222811671
69.29708222811671
69.29708222811671
69.29708222811671
69.29708222811671
69.29708222811671
69.29708222811671
69.29708222811671
69.29708222811671
69.29708222811671
69.29708222811671
69.29708222811671
69.29708222811671
69.29708222811671
69.29708222811671
69.29708222811671
69.29708222811671
69.29708222811671
69.29708222811671
69.29708222811671
69.29708222811671
69.29708222811671
69.29708222811671
69.29708222811671
69.29708222811671
69.29708222811671
69.29708222811671
69.29708222811671
69.29708222811671
69.29708222811671
69.29708222811671
69.29708222811671
69.29708222811671
69.29708222811671
69.29708222811671
69.1865605658709
68.24712643678161
68.24712643678161
68.24712643678161
68.24712643678161
68.24712643678161
68.24712643678161
68.24712643678161
68.24712643678161
68.24712643678161
68.24712643678161
68.24712643678161
68.24712643678161
68.24712643678161
68.24712643678161
68.24712643678161
68.24712643678161
68.24712643678161
68.24712643678161
68.24712643678161
68.24712643678161
68.24712643678161
68.24712643678161
68.24712643678161
68.24712643678161
68.24712643678161
68.24712643678161
68.24712643678161
68.24712643678161
68.24712643678161
68.24712643678161
68.24712643678161
68.24712643678161
68.24712643678161
68.24712643678161
68.24712643678161
68.24712643678161
68.24712643678161
68.24712643678161
68.24712643678161
68.24712643678161
68.24712643678161
68.35764809902741
70.34703801945182
70.34703801945182
70.34703801945182
70.34703801945182
70.34703801945182
70.34703801945182
70.34703801945182
70.34703801945182
70.34703801945182
70.34703801945182
70.34703801945182
70.34703801945182
70.34703801945182
70.34703801945182
70.34703801945182
70.34703801945182
70.34703801945182
70.34703801945182
70.34703801945182
70.34703801945182
70.34703801945182
70.34703801945182
70.34703801945182
70.34703801945182
70.34703801945182
70.34703801945182
70.34703801945182
70.34703801945182
70.34703801945182
70.34703801945182
70.34703801945182
70.34703801945182
70.34703801945182
70.34703801945182
70.34703801945182
70.34703801945182
70.34703801945182
70.34703801945182
70.1812555260831
69.29708222811671
69.29708222811671
69.29708222811671
69.29708222811671
69.29708222811671
69.29708222811671
69.29708222811671
69.29708222811671
69.29708222811671
69.29708222811671
69.29708222811671
69.29708222811671
69.29708222811671
69.29708222811671
69.29708222811671
69.29708222811671
69.29708222811671
69.29708222811671
69.29708222811671
69.29708222811671
69.29708222811671
69.29708222811671
69.29708222811671
69.29708222811671
69.29708222811671
69.29708222811671
69.29708222811671
69.29708222811671
69.29708222811671
69.29708222811671
69.29708222811671
69.29708222811671
69.29708222811671
69.29708222811671
69.29708222811671
69.29708222811671
69.29708222811671
69.29708222811671
69.29708222811671
70.01547303271441
70.34703801945182
70.34703801945182
70.34703801945182
70.34703801945182
70.34703801945182
70.34703801945182
70.34703801945182
70.34703801945182
70.34703801945182
70.34703801945182
70.34703801945182
70.34703801945182
70.34703801945182
70.34703801945182
70.34703801945182
70.34703801945182
70.34703801945182
70.34703801945182
70.34703801945182
70.34703801945182
70.34703801945182
70.34703801945182
70.34703801945182
70.34703801945182
70.34703801945182
70.34703801945182
70.34703801945182
70.34703801945182
70.34703801945182
70.34703801945182
70.34703801945182
70.34703801945182
70.34703801945182
70.34703801945182
70.34703801945182
70.34703801945182
70.34703801945182
70.34703801945182
70.34703801945182
70.34703801945182
74.65738284703802
76.64677276746242
76.64677276746242
76.64677276746242
76.64677276746242
76.64677276746242
76.64677276746242
76.64677276746242
76.64677276746242
76.64677276746242
76.64677276746242
76.64677276746242
76.64677276746242
76.64677276746242
76.64677276746242
76.64677276746242
76.64677276746242
76.64677276746242
76.64677276746242
76.64677276746242
76.64677276746242
76.64677276746242
76.64677276746242
76.64677276746242
76.64677276746242
76.64677276746242
76.64677276746242
76.64677276746242
76.64677276746242
76.64677276746242
76.64677276746242
76.64677276746242
76.64677276746242
76.64677276746242
76.64677276746242
76.64677276746242
76.64677276746242
76.64677276746242
76.64677276746242
76.64677276746242
76.64677276746242
76.64677276746242
76.64677276746242
76.64677276746242
76.64677276746242
76.64677276746242
76.64677276746242
76.64677276746242
76.64677276746242
76.64677276746242
76.64677276746242
