6.29973474801061
6.29973474801061
6.29973474801061
6.29973474801061
6.29973474801061
6.29973474801061
6.29973474801061
6.29973474801061
6.29973474801061
6.29973474801061
6.29973474801061
6.29973474801061
6.29973474801061
6.29973474801061
6.29973474801061
6.29973474801061
6.29973474801061
6.29973474801061
6.29973474801061
6.29973474801061
6.29973474801061
6.29973474801061
6.29973474801061
6.29973474801061
6.29973474801061
6.29973474801061
6.29973474801061
6.29973474801061
6.29973474801061
6.29973474801061
6.29973474801061
6.29973474801061
6.29973474801061
6.29973474801061
6.29973474801061
6.29973474801061
6.29973474801061
5.470822281167108
5.249778956675509
5.249778956675509
5.249778956675509
5.249778956675509
5.249778956675509
5.249778956675509
5.249778956675509
5.249778956675509
5.249778956675509
5.249778956675509
5.249778956675509
5.249778956675509
5.249778956675509
5.249778956675509
5.249778956675509
5.249778956675509
5.249778956675509
5.249778956675509
5.249778956675509
5.249778956675509
5.249778956675509
5.249778956675509
5.249778956675509
5.249778956675509
5.249778956675509
5.249778956675509
5.249778956675509
5.249778956675509
5.249778956675509
5.249778956675509
5.249778956675509
5.249778956675509
5.249778956675509
5.249778956675509
5.249778956675509
5.249778956675509
5.249778956675509
5.249778956675509
5.249778956675509
5.249778956675509
5.249778956675509
5.249778956675509
5.249778956675509
5.249778956675509
5.249778956675509
5.249778956675509
5.249778956675509
5.249778956675509
5.249778956675509
5.249778956675509
5.249778956675509
5.249778956675509
5.249778956675509
5.249778956675509
5.249778956675509
5.249778956675509
5.249778956675509
5.249778956675509
5.249778956675509
5.249778956675509
5.249778956675509
5.249778956675509
5.249778956675509
5.249778956675509
5.249778956675509
5.249778956675509
5.249778956675509
5.249778956675509
5.249778956675509
5.249778956675509
5.249778956675509
5.249778956675509
5.249778956675509
5.249778956675509
5.249778956675509
5.249778956675509
5.249778956675509
5.249778956675509
5.249778956675509
5.249778956675509
5.249778956675509
5.249778956675509
5.249778956675509
5.249778956675509
5.249778956675509
5.249778956675509
5.249778956675509
5.249778956675509
5.249778956675509
5.249778956675509
5.249778956675509
5.249778956675509
5.249778956675509
5.249778956675509
5.249778956675509
5.249778956675509
5.249778956675509
5.249778956675509
5.249778956675509
5.249778956675509
5.249778956675509
5.249778956675509
5.249778956675509
5.249778956675509
5.249778956675509
5.249778956675509
5.80238726790451
6.29973474801061
6.29973474801061
6.29973474801061
6.29973474801061
6.29973474801061
6.29973474801061
6.29973474801061
6.29973474801061
6.29973474801061
6.29973474801061
6.29973474801061
6.29973474801061
6.29973474801061
6.29973474801061
6.29973474801061
6.29973474801061
6.29973474801061
6.29973474801061
6.29973474801061
6.29973474801061
6.29973474801061
6.29973474801061
6.29973474801061
6.29973474801061
6.29973474801061
6.29973474801061
6.29973474801061
6.29973474801061
6.29973474801061
6.29973474801061
6.29973474801061
6.29973474801061
6.29973474801061
6.29973474801061
6.29973474801061
6.29973474801061
6.29973474801061
6.29973474801061
6.29973474801061
5.80238726790451
5.249778956675509
5.249778956675509
5.249778956675509
5.249778956675509
5.249778956675509
5.249778956675509
5.249778956675509
5.249778956675509
5.249778956675509
5.249778956675509
5.249778956675509
5.249778956675509
5.249778956675509
5.249778956675509
5.249778956675509
5.249778956675509
5.249778956675509
5.249778956675509
5.249778956675509
5.249778956675509
5.249778956675509
5.249778956675509
5.249778956675509
5.249778956675509
5.249778956675509
5.249778956675509
5.249778956675509
5.249778956675509
5.249778956675509
5.249778956675509
5.249778956675509
5.249778956675509
5.249778956675509
5.249778956675509
5.249778956675509
5.249778956675509
5.249778956675509
5.249778956675509
5.249778956675509
5.249778956675509
5.249778956675509
5.249778956675509
5.249778956675509
5.249778956675509
5.249778956675509
5.249778956675509
5.249778956675509
5.249778956675509
5.249778956675509
5.249778956675509
5.249778956675509
5.249778956675509
5.249778956675509
5.249778956675509
5.249778956675509
5.249778956675509
5.249778956675509
5.249778956675509
5.249778956675509
6.13395225464191
6.29973474801061
6.29973474801061
6.29973474801061
6.29973474801061
6.29973474801061
6.29973474801061
6.29973474801061
6.29973474801061
6.29973474801061
6.29973474801061
6.29973474801061
6.29973474801061
6.29973474801061
6.29973474801061
6.29973474801061
6.29973474801061
6.29973474801061
6.29973474801061
6.29973474801061
6.29973474801061
6.29973474801061
6.29973474801061
6.29973474801061
6.29973474801061
6.29973474801061
6.29973474801061
6.29973474801061
6.29973474801061
6.29973474801061
6.29973474801061
6.29973474801061
6.29973474801061
6.29973474801061
6.29973474801061
6.29973474801061
6.29973474801061
6.29973474801061
6.29973474801061
6.29973474801061
6.29973474801061
6.29973474801061
6.29973474801061
6.29973474801061
6.29973474801061
6.29973474801061
6.29973474801061
6.29973474801061
6.023430592396109
5.249778956675509
5.249778956675509
5.249778956675509
5.249778956675509
5.249778956675509
5.249778956675509
5.249778956675509
5.249778956675509
5.249778956675509
5.249778956675509
5.249778956675509
5.249778956675509
5.249778956675509
5.249778956675509
5.249778956675509
5.249778956675509
5.249778956675509
5.249778956675509
5.249778956675509
5.249778956675509
5.249778956675509
5.249778956675509
5.249778956675509
5.249778956675509
5.249778956675509
5.249778956675509
5.249778956675509
5.249778956675509
5.249778956675509
5.249778956675509
5.249778956675509
5.249778956675509
5.249778956675509
5.249778956675509
5.249778956675509
5.249778956675509
5.249778956675509
5.249778956675509
5.249778956675509
5.249778956675509
5.249778956675509
5.249778956675509
5.249778956675509
5.249778956675509
5.9129089301503095
6.29973474801061
6.29973474801061
6.29973474801061
6.29973474801061
6.29973474801061
6.29973474801061
6.29973474801061
6.29973474801061
6.29973474801061
6.29973474801061
6.29973474801061
6.29973474801061
6.29973474801061
6.29973474801061
6.29973474801061
6.29973474801061
6.29973474801061
6.29973474801061
6.29973474801061
6.29973474801061
6.29973474801061
6.29973474801061
6.29973474801061
6.29973474801061
6.29973474801061
6.29973474801061
6.29973474801061
6.29973474801061
6.29973474801061
6.29973474801061
6.29973474801061
6.29973474801061
6.29973474801061
6.29973474801061
5.968169761273209
5.249778956675509
5.249778956675509
5.249778956675509
5.249778956675509
5.249778956675509
5.249778956675509
5.249778956675509
5.249778956675509
5.249778956675509
5.249778956675509
5.249778956675509
5.249778956675509
5.249778956675509
5.249778956675509
5.249778956675509
5.249778956675509
4.586648983200707
4.199823165340407
4.199823165340407
4.199823165340407
4.199823165340407
4.199823165340407
4.199823165340407
4.199823165340407
4.199823165340407
4.199823165340407
4.199823165340407
4.199823165340407
4.199823165340407
4.199823165340407
4.199823165340407
4.199823165340407
4.199823165340407
4.199823165340407
4.199823165340407
4.199823165340407
4.199823165340407
4.199823165340407
4.199823165340407
4.199823165340407
4.199823165340407
4.199823165340407
4.420866489832007
5.249778956675509
5.249778956675509
5.249778956675509
5.249778956675509
5.249778956675509
5.249778956675509
5.249778956675509
5.249778956675509
5.249778956675509
5.249778956675509
5.249778956675509
5.249778956675509
5.249778956675509
5.249778956675509
5.249778956675509
5.249778956675509
5.249778956675509
5.249778956675509
5.249778956675509
5.249778956675509
5.249778956675509
5.249778956675509
5.249778956675509
5.249778956675509
5.249778956675509
5.249778956675509
5.249778956675509
5.249778956675509
5.249778956675509
5.249778956675509
5.249778956675509
5.249778956675509
5.249778956675509
5.249778956675509
5.249778956675509
5.249778956675509
5.249778956675509
5.249778956675509
5.249778956675509
5.249778956675509
5.249778956675509
5.249778956675509
5.249778956675509
5.249778956675509
5.249778956675509
5.249778956675509
5.249778956675509
5.249778956675509
5.249778956675509
5.249778956675509
5.249778956675509
5.249778956675509
5.249778956675509
5.249778956675509
5.249778956675509
5.249778956675509
5.249778956675509
5.249778956675509
5.470822281167108
6.29973474801061
6.29973474801061
6.29973474801061
6.29973474801061
6.29973474801061
6.29973474801061
6.29973474801061
6.29973474801061
6.29973474801061
6.29973474801061
6.29973474801061
6.29973474801061
6.29973474801061
6.29973474801061
6.29973474801061
6.29973474801061
6.29973474801061
6.29973474801061
6.29973474801061
6.29973474801061
6.29973474801061
6.29973474801061
6.29973474801061
6.29973474801061
6.29973474801061
6.29973474801061
6.29973474801061
6.29973474801061
6.29973474801061
6.29973474801061
6.29973474801061
6.29973474801061
6.29973474801061
6.29973474801061
6.29973474801061
6.29973474801061
6.29973474801061
6.29973474801061
6.29973474801061
6.29973474801061
6.29973474801061
6.29973474801061
6.29973474801061
6.29973474801061
6.29973474801061
6.29973474801061
6.29973474801061
6.29973474801061
6.29973474801061
6.29973474801061
6.29973474801061
6.29973474801061
6.29973474801061
6.29973474801061
6.29973474801061
6.29973474801061
6.29973474801061
6.29973474801061
6.29973474801061
6.29973474801061
6.29973474801061
6.29973474801061
6.29973474801061
6.29973474801061
6.29973474801061
6.29973474801061
6.29973474801061
6.29973474801061
6.29973474801061
6.29973474801061
6.29973474801061
6.29973474801061
6.29973474801061
6.29973474801061
6.29973474801061
6.29973474801061
6.29973474801061
6.29973474801061
6.29973474801061
6.29973474801061
6.29973474801061
6.29973474801061
6.29973474801061
6.29973474801061
6.29973474801061
6.29973474801061
6.29973474801061
6.29973474801061
6.29973474801061
6.29973474801061
6.29973474801061
6.29973474801061
6.29973474801061
6.29973474801061
6.29973474801061
6.29973474801061
6.29973474801061
6.29973474801061
6.29973474801061
6.29973474801061
6.29973474801061
5.249778956675509
5.249778956675509
5.249778956675509
5.249778956675509
5.249778956675509
5.249778956675509
5.249778956675509
5.249778956675509
5.249778956675509
5.249778956675509
5.249778956675509
5.249778956675509
5.249778956675509
5.249778956675509
5.249778956675509
5.249778956675509
5.249778956675509
5.249778956675509
5.249778956675509
5.249778956675509
5.249778956675509
5.249778956675509
5.249778956675509
5.249778956675509
5.249778956675509
5.249778956675509
5.249778956675509
5.249778956675509
5.249778956675509
5.249778956675509
5.249778956675509
5.249778956675509
5.249778956675509
5.249778956675509
5.249778956675509
5.249778956675509
5.249778956675509
5.249778956675509
5.249778956675509
5.249778956675509
5.305039787798409
6.29973474801061
6.29973474801061
6.29973474801061
6.29973474801061
6.29973474801061
6.29973474801061
6.29973474801061
6.29973474801061
6.29973474801061
6.29973474801061
6.29973474801061
6.29973474801061
6.29973474801061
6.29973474801061
6.29973474801061
6.29973474801061
6.29973474801061
6.29973474801061
6.29973474801061
6.29973474801061
6.29973474801061
6.29973474801061
6.29973474801061
6.29973474801061
6.29973474801061
6.29973474801061
7.294429708222812
7.349690539345712
7.349690539345712
7.349690539345712
7.349690539345712
7.349690539345712
7.239168877099911
6.29973474801061
6.29973474801061
6.29973474801061
6.29973474801061
6.29973474801061
6.29973474801061
6.29973474801061
6.29973474801061
6.29973474801061
6.29973474801061
6.29973474801061
6.29973474801061
6.29973474801061
6.29973474801061
6.29973474801061
6.29973474801061
6.29973474801061
6.29973474801061
6.29973474801061
6.29973474801061
6.29973474801061
6.29973474801061
6.29973474801061
6.29973474801061
6.29973474801061
6.29973474801061
6.29973474801061
6.29973474801061
6.29973474801061
6.29973474801061
6.29973474801061
6.29973474801061
6.29973474801061
6.29973474801061
6.29973474801061
6.29973474801061
6.29973474801061
6.29973474801061
6.29973474801061
5.636604774535809
5.249778956675509
5.249778956675509
5.249778956675509
5.249778956675509
5.249778956675509
5.249778956675509
5.249778956675509
5.249778956675509
5.249778956675509
5.249778956675509
5.249778956675509
5.249778956675509
5.249778956675509
5.249778956675509
5.249778956675509
5.249778956675509
5.249778956675509
5.249778956675509
5.249778956675509
5.249778956675509
5.249778956675509
5.249778956675509
5.249778956675509
5.249778956675509
5.249778956675509
5.249778956675509
5.249778956675509
5.249778956675509
5.249778956675509
5.249778956675509
5.249778956675509
5.249778956675509
5.249778956675509
5.249778956675509
5.249778956675509
5.249778956675509
5.249778956675509
5.249778956675509
5.249778956675509
5.249778956675509
5.249778956675509
5.249778956675509
5.249778956675509
5.249778956675509
5.249778956675509
5.249778956675509
5.249778956675509
5.249778956675509
5.249778956675509
5.249778956675509
5.249778956675509
5.249778956675509
5.249778956675509
6.13395225464191
6.29973474801061
6.29973474801061
6.29973474801061
6.29973474801061
6.29973474801061
6.29973474801061
6.29973474801061
6.29973474801061
6.29973474801061
6.29973474801061
6.29973474801061
6.29973474801061
6.29973474801061
6.29973474801061
6.29973474801061
6.29973474801061
6.29973474801061
6.29973474801061
6.29973474801061
6.29973474801061
6.29973474801061
6.29973474801061
6.29973474801061
6.29973474801061
6.29973474801061
6.29973474801061
6.29973474801061
6.29973474801061
6.29973474801061
6.29973474801061
6.29973474801061
6.29973474801061
6.29973474801061
6.29973474801061
6.29973474801061
6.29973474801061
6.29973474801061
6.29973474801061
6.29973474801061
6.29973474801061
6.29973474801061
6.29973474801061
6.29973474801061
6.29973474801061
6.29973474801061
6.29973474801061
6.29973474801061
6.29973474801061
6.29973474801061
6.29973474801061
6.29973474801061
6.29973474801061
6.29973474801061
6.29973474801061
6.29973474801061
6.29973474801061
6.078691423519009
5.249778956675509
5.249778956675509
5.249778956675509
5.249778956675509
5.249778956675509
5.249778956675509
5.249778956675509
5.249778956675509
5.249778956675509
5.249778956675509
5.249778956675509
5.249778956675509
5.249778956675509
5.249778956675509
5.249778956675509
5.249778956675509
5.249778956675509
5.249778956675509
5.249778956675509
5.249778956675509
5.249778956675509
5.249778956675509
5.249778956675509
5.249778956675509
5.249778956675509
5.249778956675509
5.249778956675509
5.249778956675509
5.249778956675509
5.249778956675509
5.249778956675509
5.249778956675509
5.249778956675509
5.249778956675509
5.249778956675509
5.249778956675509
5.249778956675509
5.249778956675509
5.249778956675509
5.249778956675509
5.249778956675509
5.249778956675509
5.249778956675509
5.691865605658709
6.29973474801061
6.29973474801061
6.29973474801061
6.29973474801061
6.29973474801061
6.29973474801061
6.29973474801061
6.29973474801061
6.29973474801061
6.29973474801061
6.29973474801061
6.29973474801061
6.29973474801061
6.29973474801061
6.29973474801061
6.29973474801061
6.29973474801061
6.29973474801061
6.29973474801061
6.29973474801061
6.29973474801061
6.29973474801061
6.29973474801061
6.29973474801061
6.29973474801061
6.29973474801061
6.29973474801061
6.29973474801061
6.29973474801061
6.29973474801061
6.29973474801061
6.29973474801061
6.29973474801061
6.29973474801061
6.29973474801061
6.29973474801061
6.29973474801061
6.29973474801061
6.29973474801061
6.29973474801061
6.29973474801061
6.29973474801061
6.29973474801061
6.29973474801061
6.29973474801061
6.29973474801061
6.29973474801061
6.29973474801061
6.29973474801061
6.29973474801061
6.29973474801061
6.29973474801061
6.29973474801061
6.29973474801061
6.29973474801061
6.29973474801061
6.29973474801061
6.29973474801061
6.29973474801061
