95.54597701149426
95.54597701149426
95.54597701149426
95.54597701149426
95.54597701149426
95.54597701149426
95.54597701149426
95.54597701149426
95.54597701149426
95.54597701149426
98.03271441202476
100.79575596816976
100.79575596816976
100.79575596816976
100.79575596816976
100.79575596816976
100.79575596816976
100.79575596816976
100.79575596816976
100.79575596816976
100.79575596816976
100.79575596816976
100.79575596816976
100.79575596816976
100.79575596816976
100.79575596816976
100.79575596816976
100.79575596816976
100.79575596816976
100.79575596816976
100.79575596816976
100.79575596816976
100.79575596816976
100.79575596816976
100.79575596816976
100.79575596816976
100.79575596816976
100.79575596816976
100.79575596816976
100.79575596816976
100.79575596816976
100.79575596816976
100.79575596816976
100.79575596816976
100.79575596816976
100.79575596816976
100.79575596816976
100.79575596816976
100.79575596816976
100.79575596816976
100.79575596816976
99.80106100795756
98.69584438549956
98.69584438549956
98.69584438549956
98.69584438549956
98.69584438549956
98.69584438549956
98.69584438549956
98.69584438549956
98.69584438549956
98.69584438549956
98.69584438549956
98.69584438549956
98.69584438549956
98.69584438549956
98.69584438549956
98.69584438549956
98.69584438549956
98.69584438549956
98.69584438549956
98.69584438549956
98.69584438549956
98.69584438549956
98.69584438549956
98.69584438549956
98.69584438549956
98.69584438549956
98.69584438549956
98.69584438549956
98.69584438549956
98.69584438549956
98.69584438549956
98.69584438549956
98.69584438549956
98.69584438549956
98.69584438549956
98.69584438549956
98.69584438549956
98.69584438549956
98.69584438549956
98.69584438549956
98.69584438549956
98.69584438549956
98.69584438549956
98.69584438549956
98.69584438549956
98.69584438549956
98.69584438549956
98.69584438549956
98.69584438549956
98.69584438549956
98.69584438549956
98.69584438549956
98.69584438549956
98.69584438549956
98.69584438549956
98.69584438549956
98.69584438549956
98.69584438549956
98.69584438549956
98.69584438549956
98.69584438549956
98.69584438549956
98.69584438549956
98.69584438549956
98.69584438549956
98.69584438549956
98.69584438549956
98.69584438549956
98.69584438549956
98.69584438549956
98.69584438549956
98.69584438549956
98.69584438549956
98.69584438549956
98.69584438549956
98.69584438549956
98.69584438549956
98.69584438549956
98.69584438549956
98.69584438549956
98.69584438549956
98.69584438549956
98.69584438549956
98.14323607427056
97.64588859416446
97.64588859416446
97.64588859416446
97.64588859416446
97.64588859416446
97.64588859416446
97.64588859416446
97.64588859416446
97.64588859416446
97.64588859416446
97.64588859416446
97.64588859416446
97.64588859416446
97.64588859416446
97.64588859416446
97.64588859416446
97.64588859416446
97.64588859416446
97.64588859416446
97.64588859416446
97.64588859416446
97.64588859416446
97.64588859416446
97.64588859416446
97.64588859416446
97.64588859416446
97.64588859416446
97.64588859416446
97.64588859416446
97.64588859416446
97.64588859416446
97.64588859416446
97.64588859416446
97.64588859416446
97.64588859416446
97.64588859416446
97.64588859416446
97.64588859416446
97.64588859416446
97.64588859416446
97.64588859416446
92.39610963748895
92.39610963748895
92.39610963748895
92.39610963748895
92.39610963748895
92.39610963748895
92.39610963748895
92.39610963748895
92.39610963748895
92.39610963748895
92.39610963748895
92.39610963748895
92.39610963748895
92.39610963748895
92.39610963748895
92.39610963748895
92.39610963748895
92.39610963748895
92.39610963748895
92.39610963748895
92.39610963748895
92.39610963748895
92.39610963748895
92.39610963748895
92.39610963748895
92.39610963748895
92.39610963748895
92.39610963748895
92.39610963748895
92.39610963748895
92.39610963748895
92.39610963748895
92.39610963748895
92.39610963748895
92.39610963748895
92.39610963748895
92.39610963748895
92.39610963748895
92.39610963748895
92.39610963748895
92.39610963748895
92.39610963748895
92.39610963748895
98.47480106100795
103.94562334217507
103.94562334217507
103.94562334217507
103.94562334217507
103.94562334217507
103.94562334217507
103.94562334217507
103.94562334217507
103.94562334217507
103.94562334217507
103.94562334217507
103.94562334217507
103.94562334217507
103.94562334217507
103.94562334217507
103.94562334217507
103.94562334217507
103.94562334217507
103.94562334217507
103.94562334217507
103.94562334217507
103.94562334217507
103.94562334217507
103.94562334217507
103.94562334217507
103.94562334217507
103.94562334217507
103.94562334217507
103.94562334217507
103.94562334217507
103.94562334217507
103.94562334217507
103.94562334217507
103.94562334217507
103.94562334217507
103.94562334217507
103.94562334217507
103.94562334217507
103.94562334217507
103.94562334217507
103.94562334217507
103.94562334217507
101.84571175950487
101.84571175950487
101.84571175950487
101.84571175950487
101.84571175950487
101.84571175950487
101.84571175950487
101.84571175950487
101.84571175950487
101.84571175950487
101.84571175950487
101.84571175950487
101.84571175950487
101.84571175950487
101.84571175950487
101.84571175950487
101.84571175950487
101.84571175950487
101.84571175950487
101.84571175950487
101.84571175950487
101.84571175950487
101.84571175950487
101.84571175950487
101.84571175950487
101.84571175950487
101.84571175950487
101.84571175950487
101.84571175950487
101.84571175950487
101.84571175950487
101.84571175950487
101.84571175950487
101.84571175950487
101.84571175950487
101.84571175950487
101.84571175950487
101.84571175950487
101.84571175950487
101.84571175950487
101.84571175950487
101.84571175950487
101.84571175950487
101.84571175950487
101.84571175950487
101.84571175950487
101.84571175950487
101.84571175950487
101.84571175950487
101.84571175950487
101.84571175950487
101.84571175950487
101.84571175950487
101.84571175950487
101.84571175950487
101.84571175950487
101.84571175950487
101.84571175950487
101.84571175950487
101.84571175950487
101.84571175950487
101.84571175950487
101.84571175950487
101.84571175950487
101.84571175950487
101.84571175950487
101.84571175950487
101.84571175950487
101.84571175950487
101.84571175950487
101.84571175950487
101.84571175950487
101.84571175950487
101.84571175950487
101.84571175950487
101.84571175950487
101.84571175950487
101.84571175950487
101.84571175950487
101.84571175950487
101.84571175950487
101.84571175950487
101.84571175950487
101.84571175950487
101.84571175950487
101.84571175950487
101.84571175950487
101.84571175950487
101.84571175950487
101.84571175950487
101.84571175950487
101.84571175950487
101.84571175950487
101.84571175950487
101.84571175950487
101.84571175950487
101.84571175950487
101.84571175950487
101.84571175950487
101.84571175950487
101.84571175950487
101.84571175950487
101.84571175950487
101.84571175950487
101.84571175950487
101.84571175950487
101.84571175950487
101.84571175950487
101.84571175950487
101.84571175950487
101.84571175950487
101.84571175950487
101.84571175950487
101.84571175950487
101.84571175950487
101.84571175950487
101.84571175950487
101.84571175950487
101.84571175950487
101.84571175950487
101.84571175950487
101.84571175950487
101.84571175950487
101.84571175950487
101.84571175950487
101.84571175950487
101.84571175950487
101.84571175950487
101.84571175950487
101.84571175950487
101.84571175950487
101.84571175950487
101.84571175950487
101.84571175950487
101.84571175950487
101.84571175950487
101.84571175950487
101.84571175950487
101.84571175950487
101.84571175950487
101.84571175950487
101.84571175950487
101.84571175950487
101.84571175950487
101.84571175950487
101.84571175950487
101.84571175950487
101.84571175950487
101.84571175950487
101.84571175950487
101.84571175950487
101.84571175950487
101.84571175950487
101.84571175950487
101.84571175950487
101.84571175950487
101.84571175950487
101.84571175950487
101.84571175950487
101.84571175950487
101.84571175950487
101.84571175950487
101.84571175950487
101.84571175950487
101.84571175950487
101.84571175950487
101.84571175950487
101.84571175950487
101.84571175950487
101.84571175950487
101.84571175950487
101.84571175950487
101.84571175950487
101.84571175950487
101.84571175950487
101.84571175950487
101.84571175950487
101.84571175950487
101.84571175950487
101.84571175950487
101.84571175950487
101.84571175950487
101.84571175950487
101.84571175950487
101.84571175950487
101.84571175950487
101.84571175950487
101.84571175950487
101.84571175950487
101.84571175950487
101.84571175950487
101.84571175950487
101.84571175950487
101.84571175950487
101.84571175950487
101.84571175950487
101.84571175950487
101.84571175950487
75.04420866489832
0.0
0.0
0.0
0.0
0.0
0.0
0.0
0.0
0.0
0.0
0.0
0.0
0.0
0.0
0.0
0.0
0.0
0.0
0.0
0.0
0.0
0.0
0.0
0.0
0.0
0.0
0.0
0.0
0.0
0.0
0.0
0.0
0.0
0.0
0.0
0.0
59.57117595048629
102.89566755083996
102.89566755083996
102.89566755083996
102.89566755083996
102.89566755083996
102.89566755083996
102.89566755083996
102.89566755083996
102.89566755083996
102.89566755083996
102.89566755083996
102.89566755083996
102.89566755083996
102.89566755083996
102.89566755083996
102.89566755083996
102.89566755083996
102.89566755083996
102.89566755083996
102.89566755083996
102.89566755083996
102.89566755083996
102.89566755083996
102.89566755083996
102.89566755083996
100.46419098143237
98.69584438549956
98.69584438549956
98.69584438549956
98.69584438549956
98.69584438549956
98.69584438549956
98.69584438549956
98.69584438549956
98.69584438549956
98.69584438549956
98.69584438549956
98.69584438549956
98.69584438549956
98.69584438549956
98.69584438549956
98.69584438549956
98.69584438549956
98.69584438549956
98.69584438549956
98.69584438549956
98.69584438549956
98.69584438549956
98.69584438549956
98.69584438549956
98.69584438549956
98.69584438549956
98.69584438549956
98.69584438549956
98.69584438549956
98.69584438549956
98.69584438549956
98.69584438549956
98.69584438549956
98.69584438549956
98.69584438549956
98.69584438549956
98.69584438549956
98.69584438549956
98.69584438549956
98.47480106100795
96.59593280282935
96.59593280282935
96.59593280282935
96.59593280282935
96.59593280282935
96.59593280282935
96.59593280282935
96.59593280282935
96.59593280282935
96.59593280282935
96.59593280282935
96.59593280282935
96.59593280282935
96.59593280282935
96.59593280282935
96.59593280282935
96.59593280282935
96.59593280282935
96.59593280282935
96.59593280282935
96.59593280282935
96.59593280282935
96.59593280282935
96.59593280282935
96.59593280282935
96.59593280282935
96.59593280282935
96.59593280282935
96.59593280282935
96.59593280282935
96.59593280282935
96.59593280282935
96.59593280282935
96.59593280282935
96.59593280282935
96.59593280282935
96.59593280282935
96.59593280282935
96.59593280282935
96.59593280282935
96.59593280282935
96.59593280282935
96.59593280282935
96.59593280282935
97.25906277630415
97.64588859416446
97.64588859416446
97.64588859416446
97.64588859416446
97.64588859416446
97.64588859416446
97.64588859416446
97.64588859416446
97.64588859416446
97.64588859416446
97.64588859416446
97.64588859416446
97.64588859416446
97.64588859416446
97.64588859416446
97.64588859416446
97.64588859416446
97.64588859416446
97.64588859416446
97.64588859416446
97.64588859416446
97.64588859416446
97.64588859416446
97.64588859416446
97.64588859416446
97.64588859416446
97.64588859416446
97.64588859416446
97.64588859416446
97.64588859416446
97.64588859416446
97.64588859416446
97.64588859416446
97.64588859416446
97.64588859416446
97.64588859416446
97.64588859416446
97.64588859416446
97.64588859416446
97.64588859416446
97.64588859416446
98.97214854111405
99.74580017683466
99.74580017683466
99.74580017683466
99.74580017683466
99.74580017683466
99.74580017683466
99.74580017683466
99.74580017683466
99.74580017683466
99.74580017683466
99.74580017683466
99.74580017683466
99.74580017683466
99.74580017683466
99.74580017683466
99.74580017683466
99.74580017683466
99.74580017683466
99.74580017683466
99.74580017683466
99.74580017683466
99.74580017683466
99.74580017683466
99.74580017683466
99.74580017683466
99.74580017683466
99.74580017683466
99.74580017683466
99.74580017683466
99.74580017683466
99.74580017683466
99.74580017683466
99.74580017683466
99.74580017683466
99.74580017683466
99.74580017683466
99.74580017683466
99.74580017683466
99.74580017683466
99.19319186560566
94.49602122015915
94.49602122015915
94.49602122015915
94.49602122015915
94.49602122015915
94.49602122015915
94.49602122015915
94.49602122015915
94.49602122015915
94.49602122015915
94.49602122015915
94.49602122015915
94.49602122015915
94.49602122015915
94.49602122015915
94.49602122015915
94.49602122015915
94.49602122015915
94.49602122015915
94.49602122015915
94.49602122015915
94.49602122015915
94.49602122015915
94.49602122015915
94.49602122015915
94.49602122015915
94.49602122015915
94.49602122015915
94.49602122015915
94.49602122015915
94.49602122015915
94.49602122015915
94.49602122015915
94.49602122015915
94.49602122015915
94.49602122015915
94.49602122015915
94.49602122015915
94.49602122015915
94.49602122015915
94.49602122015915
94.88284703801945
101.84571175950487
101.84571175950487
101.84571175950487
101.84571175950487
101.84571175950487
101.84571175950487
101.84571175950487
101.84571175950487
101.84571175950487
101.84571175950487
101.84571175950487
101.84571175950487
101.84571175950487
101.84571175950487
101.84571175950487
101.84571175950487
101.84571175950487
101.84571175950487
101.84571175950487
101.84571175950487
101.84571175950487
101.84571175950487
101.84571175950487
101.84571175950487
101.84571175950487
101.84571175950487
101.84571175950487
101.84571175950487
101.84571175950487
101.84571175950487
101.84571175950487
101.84571175950487
101.84571175950487
101.84571175950487
101.84571175950487
101.84571175950487
101.84571175950487
101.84571175950487
101.51414677276746
99.74580017683466
99.74580017683466
99.74580017683466
99.74580017683466
99.74580017683466
99.74580017683466
99.74580017683466
99.74580017683466
99.74580017683466
99.74580017683466
99.74580017683466
99.74580017683466
99.74580017683466
99.74580017683466
99.74580017683466
99.74580017683466
99.74580017683466
99.74580017683466
99.74580017683466
99.74580017683466
99.74580017683466
99.74580017683466
99.74580017683466
99.74580017683466
99.74580017683466
99.74580017683466
99.74580017683466
99.74580017683466
99.74580017683466
99.74580017683466
99.74580017683466
99.74580017683466
99.74580017683466
99.74580017683466
99.74580017683466
99.74580017683466
99.74580017683466
99.74580017683466
99.74580017683466
99.02740937223696
98.69584438549956
98.69584438549956
98.69584438549956
98.69584438549956
98.69584438549956
98.69584438549956
98.69584438549956
98.69584438549956
98.69584438549956
98.69584438549956
98.69584438549956
98.69584438549956
98.69584438549956
98.69584438549956
98.69584438549956
98.69584438549956
98.69584438549956
98.69584438549956
98.69584438549956
98.69584438549956
98.69584438549956
98.69584438549956
98.69584438549956
98.69584438549956
98.69584438549956
98.69584438549956
98.69584438549956
98.69584438549956
98.69584438549956
98.69584438549956
98.69584438549956
98.69584438549956
98.69584438549956
98.69584438549956
98.69584438549956
98.69584438549956
98.69584438549956
98.69584438549956
98.69584438549956
98.69584438549956
104.44297082228117
107.09549071618036
107.09549071618036
107.09549071618036
107.09549071618036
107.09549071618036
107.09549071618036
107.09549071618036
107.09549071618036
107.09549071618036
107.09549071618036
107.09549071618036
107.09549071618036
107.09549071618036
107.09549071618036
107.09549071618036
107.09549071618036
107.09549071618036
107.09549071618036
107.09549071618036
107.09549071618036
107.09549071618036
107.09549071618036
107.09549071618036
107.09549071618036
107.09549071618036
107.09549071618036
107.09549071618036
107.09549071618036
107.09549071618036
107.09549071618036
107.09549071618036
107.09549071618036
107.09549071618036
107.09549071618036
107.09549071618036
107.09549071618036
105.10610079575596
103.94562334217507
103.94562334217507
103.94562334217507
103.94562334217507
103.94562334217507
103.94562334217507
103.94562334217507
103.94562334217507
103.94562334217507
103.94562334217507
103.94562334217507
103.94562334217507
103.94562334217507
