65.7051282051282
64.2683465959328
63.9920424403183
63.1078691423519
66.4787798408488
72.17064544650752
88.52785145888595
98.64058355437666
99.74580017683466
98.41954022988506
85.59902740937224
76.64677276746242
78.13881520778072
83.33333333333333
87.36737400530504
88.19628647214854
84.60433244916004
79.40981432360742
74.98894783377541
73.60742705570291
73.49690539345711
73.49690539345711
74.32581786030062
76.37046861184793
77.69672855879752
76.64677276746242
73.05481874447392
71.39699381078691
71.39699381078691
71.39699381078691
71.39699381078691
71.39699381078691
71.45225464190982
71.39699381078691
70.51282051282051
70.34703801945182
70.34703801945182
69.29708222811671
69.0760389036251
68.3023872679045
68.3023872679045
68.0813439434129
67.1971706454465
66.14721485411141
64.5999115826702
64.04730327144121
64.04730327144121
63.9920424403183
66.2024756852343
79.85190097259063
92.28558797524315
91.12511052166225
82.44916003536693
78.74668435013263
76.81255526083112
78.19407603890363
83.38859416445624
87.64367816091954
88.19628647214854
86.20689655172414
80.57029177718833
76.70203359858532
75.59681697612731
75.59681697612731
75.59681697612731
75.76259946949602
77.47568523430593
77.42042440318302
76.09416445623341
73.99425287356321
71.56277630415562
71.39699381078691
71.39699381078691
71.39699381078691
71.39699381078691
71.56277630415562
71.50751547303271
71.39699381078691
70.6786030061892
70.34703801945182
69.29708222811671
69.1865605658709
68.24712643678161
68.1918656056587
67.36295313881521
66.9761273209549
66.14721485411141
65.5946065428824
64.8209549071618
64.8209549071618
64.5999115826702
64.93147656940761
64.8209549071618
65.42882404951371
72.11538461538461
83.49911582670204
77.14412024756852
76.64677276746242
76.97833775419983
79.52033598585322
83.60963748894784
85.04641909814323
84.54907161803713
81.78603006189213
76.75729442970822
74.54686118479222
74.54686118479222
75.09946949602121
76.14942528735632
77.53094606542882
77.69672855879752
74.54686118479222
71.83908045977012
70.73386383731211
70.62334217506631
71.1759504862953
70.78912466843501
71.12068965517241
71.12068965517241
70.62334217506631
70.34703801945182
69.29708222811671
68.24712643678161
68.24712643678161
67.41821396993811
67.1971706454465
66.14721485411141
65.64986737400531
65.0972590627763
64.2130857648099
64.1025641025641
66.14721485411141
66.2024756852343
75.70733863837312
91.78824049513705
88.19628647214854
80.23872679045093
76.64677276746242
76.53625110521662
78.08355437665783
83.05702917771883
86.04111405835543
86.09637488947834
83.16755083996463
78.74668435013263
75.04420866489832
74.54686118479222
74.54686118479222
75.04420866489832
77.03359858532272
79.79664014146773
77.58620689655173
74.49160035366931
71.72855879752431
71.39699381078691
70.34703801945182
71.39699381078691
71.39699381078691
71.39699381078691
71.50751547303271
71.39699381078691
71.39699381078691
71.39699381078691
70.95490716180372
70.34703801945182
69.79442970822281
69.5733863837312
68.4681697612732
67.6945181255526
67.03138815207781
66.25773651635721
65.0972590627763
65.2077807250221
65.15251989389921
65.7603890362511
73.99425287356321
89.30150309460655
85.21220159151194
82.94650751547303
78.74668435013263
75.98364279398763
78.19407603890363
83.88594164456234
86.09637488947834
84.54907161803713
80.07294429708223
74.98894783377541
73.49690539345711
73.49690539345711
73.49690539345711
74.76790450928382
78.13881520778072
78.69142351900973
72.94429708222812
70.56808134394342
70.29177718832891
70.34703801945182
70.34703801945182
70.34703801945182
70.34703801945182
70.34703801945182
69.683908045977
69.29708222811671
69.1865605658709
68.24712643678161
67.6945181255526
67.1971706454465
66.5893015030946
66.14721485411141
65.5946065428824
65.04199823165341
64.04730327144121
62.9973474801061
62.7763041556145
66.0919540229885
72.72325375773652
91.40141467727675
102.84040671971707
103.33775419982317
98.53006189213086
83.22281167108753
75.59681697612731
76.64677276746242
76.64677276746242
76.64677276746242
79.90716180371352
84.99115826702034
79.13351016799292
74.54686118479222
72.44694960212202
72.44694960212202
72.44694960212202
73.49690539345711
75.15473032714412
75.70733863837312
75.26525198938992
71.89434129089301
69.84969053934572
69.29708222811671
69.29708222811671
69.29708222811671
69.29708222811671
69.29708222811671
69.29708222811671
68.85499557913352
68.3023872679045
68.13660477453581
67.1971706454465
66.75508399646331
66.14721485411141
65.4840848806366
65.0972590627763
64.710433244916
64.1025641025641
62.9973474801061
62.4447391688771
61.726348364279396
60.8974358974359
60.8974358974359
68.96551724137932
87.36737400530504
100.90627763041556
97.42484526967286
89.30150309460655
82.44916003536693
74.43633952254642
72.94429708222812
75.87312113174183
79.85190097259063
81.78603006189213
81.67550839964633
78.63616268788682
74.38107869142353
72.11538461538461
71.72855879752431
71.50751547303271
72.00486295313881
72.22590627763041
75.15473032714412
71.83908045977012
68.74447391688771
68.24712643678161
67.8050397877984
68.24712643678161
68.24712643678161
68.1918656056587
68.24712643678161
68.1918656056587
67.63925729442971
67.1971706454465
66.64456233421751
66.14721485411141
65.0972590627763
64.9867374005305
64.1025641025641
63.4946949602122
62.9973474801061
62.6657824933687
61.8368700265252
60.8974358974359
60.731653404067195
60.9526967285588
69.1865605658709
87.36737400530504
90.73828470380194
82.17285587975243
75.37577365163573
72.44694960212202
72.99955791335101
74.10477453580901
78.19407603890363
82.44916003536693
82.89124668435014
80.73607427055703
75.98364279398763
71.50751547303271
70.1812555260831
70.34703801945182
70.45755968169762
72.55747126436782
73.49690539345711
73.49690539345711
73.49690539345711
73.38638373121131
67.91556145004421
66.4787798408488
66.14721485411141
66.14721485411141
66.3129973474801
66.14721485411141
66.14721485411141
65.5946065428824
65.0972590627763
64.9867374005305
64.04730327144121
63.4946949602122
62.9973474801061
62.3894783377542
61.947391688771
61.394783377542
60.8974358974359
60.842175066313
59.8474801061008
58.9080459770115
58.742263483642795
58.300176834659595
58.797524314765695
64.2130857648099
82.83598585322723
100.02210433244916
90.68302387267904
80.62555260831122
74.43633952254642
72.94429708222812
73.05481874447392
75.76259946949602
80.34924845269673
82.94650751547303
82.33863837312113
79.18877099911583
74.38107869142353
71.83908045977012
71.39699381078691
71.39699381078691
72.55747126436782
75.65207780725022
76.59151193633953
71.56277630415562
68.0813439434129
67.14190981432361
67.14190981432361
66.92086648983201
67.1971706454465
67.1971706454465
67.1971706454465
67.1971706454465
66.9761273209549
66.14721485411141
66.0919540229885
65.2077807250221
64.710433244916
64.04730327144121
63.273651635720604
62.9420866489832
62.3894783377542
61.394783377542
61.284261715296196
60.234305923961095
59.8474801061008
59.681697612732094
61.173740053050395
72.83377541998232
87.14633068081343
87.14633068081343
81.78603006189213
74.49160035366931
72.55747126436782
73.55216622458002
76.75729442970822
81.28868258178603
82.94650751547303
81.84129089301503
78.58090185676393
74.38107869142353
70.84438549955792
70.34703801945182
70.34703801945182
70.95490716180372
72.00486295313881
72.50221043324491
73.22060123784262
71.39699381078691
68.1918656056587
66.5893015030946
66.14721485411141
66.3129973474801
66.8103448275862
66.9761273209549
67.1971706454465
67.1971706454465
66.92086648983201
66.75508399646331
66.14721485411141
66.14721485411141
66.14721485411141
66.14721485411141
66.14721485411141
66.03669319186561
65.04199823165341
63.3841732979664
61.394783377542
60.842175066313
60.842175066313
60.842175066313
63.715738284703804
79.18877099911583
91.34615384615384
91.34615384615384
87.69893899204244
78.24933687002653
73.33112290008842
74.21529619805482
77.86251105216623
80.40450928381964
80.84659593280283
80.01768346595932
75.87312113174183
71.89434129089301
70.56808134394342
70.45755968169762
71.12068965517241
71.56277630415562
72.44694960212202
72.44694960212202
71.28647214854111
68.578691423519
66.53404067197171
66.14721485411141
66.14721485411141
66.14721485411141
66.14721485411141
66.14721485411141
66.14721485411141
65.5946065428824
65.0972590627763
64.4893899204244
63.9920424403183
62.9973474801061
62.9973474801061
62.8868258178603
61.947391688771
61.3395225464191
60.8974358974359
60.8974358974359
60.289566755083996
59.51591511936339
58.797524314765695
58.797524314765695
65.3735632183908
87.31211317418214
100.90627763041556
85.59902740937224
76.25994694960212
71.83908045977012
72.50221043324491
74.93368700265252
78.58090185676393
80.84659593280283
80.73607427055703
78.58090185676393
75.04420866489832
72.44694960212202
72.28116710875331
72.11538461538461
72.00486295313881
74.10477453580901
74.54686118479222
73.38638373121131
70.78912466843501
69.73916887709991
70.34703801945182
70.29177718832891
70.34703801945182
70.34703801945182
70.45755968169762
70.73386383731211
71.39699381078691
71.39699381078691
71.39699381078691
71.39699381078691
71.39699381078691
70.95490716180372
70.23651635720601
68.96551724137932
67.52873563218391
66.14721485411141
65.4840848806366
65.0972590627763
65.0972590627763
66.64456233421751
77.97303271441203
94.77232537577365
93.83289124668435
93.94341290893016
90.84880636604774
82.44916003536693
78.74668435013263
81.06763925729443
84.71485411140584
86.09637488947834
85.15694076038903
80.90185676392574
76.75729442970822
75.65207780725022
75.59681697612731
76.03890362511052
77.30990274093722
79.74137931034483
77.80725022104332
74.98894783377541
71.83908045977012
70.95490716180372
70.73386383731211
70.34703801945182
70.73386383731211
70.34703801945182
70.34703801945182
70.23651635720601
69.29708222811671
68.79973474801061
68.1918656056587
67.1971706454465
66.14721485411141
65.4840848806366
65.04199823165341
64.3236074270557
64.04730327144121
63.605216622458
62.8868258178603
61.947391688771
62.5552608311229
63.273651635720604
72.66799292661362
92.11980548187445
91.06984969053934
81.23342175066313
75.98364279398763
75.54155614500442
75.04420866489832
76.37046861184793
81.62024756852342
85.65428824049513
86.09637488947834
85.26746242263484
84.27276746242264
80.29398762157383
76.64677276746242
76.64677276746242
76.64677276746242
76.64677276746242
77.91777188328912
79.13351016799292
75.65207780725022
72.11538461538461
69.73916887709991
69.29708222811671
69.35234305923962
69.29708222811671
69.29708222811671
69.29708222811671
69.13129973474801
68.1918656056587
67.1971706454465
66.8103448275862
66.0919540229885
65.2077807250221
64.2683465959328
63.4394341290893
62.8868258178603
61.947391688771
61.284261715296196
60.289566755083996
59.792219274977896
59.01856763925729
58.797524314765695
58.9080459770115
64.4893899204244
81.89655172413794
94.21971706454465
83.77541998231654
75.48629531388153
71.23121131741821
70.45755968169762
72.11538461538461
74.93368700265252
76.64677276746242
76.64677276746242
75.26525198938992
72.61273209549071
70.62334217506631
70.29177718832891
70.34703801945182
70.29177718832891
70.45755968169762
71.39699381078691
71.28647214854111
69.1865605658709
65.9814323607427
64.8209549071618
64.04730327144121
64.1025641025641
64.93147656940761
64.2683465959328
64.04730327144121
64.04730327144121
63.9920424403183
63.3289124668435
62.9420866489832
62.223695844385496
61.947391688771
61.6158267020336
60.8974358974359
60.842175066313
60.234305923961095
59.8474801061008
59.681697612732094
63.1078691423519
72.72325375773652
88.41732979664015
98.64058355437666
94.55128205128204
84.43854995579133
75.59681697612731
70.78912466843501
70.34703801945182
70.45755968169762
71.50751547303271
72.28116710875331
72.44694960212202
72.44694960212202
71.72855879752431
71.39699381078691
71.39699381078691
71.39699381078691
71.39699381078691
71.39699381078691
71.28647214854111
69.02077807250221
66.8656056587091
64.4893899204244
64.04730327144121
64.04730327144121
64.04730327144121
64.04730327144121
64.04730327144121
64.04730327144121
63.3841732979664
62.9973474801061
62.7763041556145
62.0026525198939
61.947391688771
61.947391688771
60.9526967285588
60.786914235190096
59.8474801061008
59.12908930150309
58.07913351016799
58.41069849690539
59.57117595048629
70.6786030061892
89.90937223695845
89.96463306808134
80.45977011494253
75.98364279398763
71.78381962864721
71.50751547303271
73.27586206896552
76.97833775419983
79.57559681697613
79.68611847922193
77.86251105216623
74.21529619805482
72.33642793987622
71.39699381078691
71.94960212201592
72.50221043324491
74.65738284703802
74.54686118479222
71.89434129089301
67.5839964633068
65.53934571175951
65.2077807250221
65.0972590627763
65.2077807250221
65.42882404951371
65.0972590627763
65.0972590627763
64.9867374005305
63.9367816091954
62.9973474801061
62.6657824933687
61.947391688771
61.7816091954023
61.284261715296196
60.8974358974359
60.06852343059239
57.69230769230769
56.86339522546419
57.91335101679929
68.13660477453581
88.47259062776304
100.85101679929267
94.77232537577365
86.59372236958444
77.86251105216623
71.23121131741821
70.1812555260831
70.84438549955792
73.22060123784262
74.54686118479222
74.54686118479222
74.43633952254642
72.44694960212202
70.34703801945182
70.34703801945182
70.23651635720601
70.34703801945182
70.40229885057471
70.45755968169762
69.84969053934572
66.8656056587091
64.6551724137931
64.04730327144121
64.04730327144121
64.04730327144121
64.04730327144121
64.04730327144121
64.04730327144121
63.9367816091954
63.4394341290893
63.052608311229
62.9973474801061
62.9973474801061
62.2789566755084
61.8368700265252
60.842175066313
59.736958443854995
59.12908930150309
64.04730327144121
72.06012378426172
91.12511052166225
99.46949602122015
92.50663129973475
85.04641909814323
84.43854995579133
76.09416445623341
70.95490716180372
71.23121131741821
73.38638373121131
74.54686118479222
74.49160035366931
73.33112290008842
71.78381962864721
71.28647214854111
70.56808134394342
70.45755968169762
71.06542882404952
71.89434129089301
71.50751547303271
69.1865605658709
67.14190981432361
65.04199823165341
64.1025641025641
64.4893899204244
64.8209549071618
64.8209549071618
64.710433244916
64.7656940760389
64.8209549071618
64.3788682581786
64.04730327144121
63.605216622458
62.9973474801061
62.8315649867374
61.284261715296196
60.8974358974359
61.173740053050395
62.9973474801061
67.36295313881521
85.65428824049513
98.69584438549956
94.77232537577365
85.70954907161804
79.68611847922193
79.57559681697613
81.78603006189213
87.25685234305924
90.95932802829354
91.18037135278514
88.52785145888595
83.49911582670204
79.96242263483643
78.96772767462423
79.57559681697613
79.07824933687003
81.17816091954023
84.32802829354553
85.04641909814323
84.27276746242264
76.20468611847922
73.71794871794872
72.50221043324491
72.44694960212202
72.11538461538461
71.39699381078691
70.29177718832891
69.02077807250221
67.6945181255526
67.1971706454465
67.03138815207781
66.14721485411141
65.9814323607427
65.0972590627763
64.710433244916
63.9367816091954
62.6657824933687
61.8368700265252
61.173740053050395
64.2683465959328
79.24403183023873
99.69053934571176
105.82449160035367
95.93280282935456
83.55437665782493
75.37577365163573
73.60742705570291
76.70203359858532
82.50442086648984
85.04641909814323
84.21750663129973
81.34394341290893
77.91777188328912
75.98364279398763
75.59681697612731
75.59681697612731
76.09416445623341
77.47568523430593
78.74668435013263
78.47038019451813
76.53625110521662
74.43633952254642
72.44694960212202
72.44694960212202
72.44694960212202
72.44694960212202
72.66799292661362
73.49690539345711
73.55216622458002
73.99425287356321
72.94429708222812
71.1759504862953
69.51812555260831
68.3023872679045
68.24712643678161
67.36295313881521
64.4341290893015
64.3236074270557
76.81255526083112
97.09328028293545
102.12201591511936
93.00397877984085
82.89124668435014
77.53094606542882
78.63616268788682
82.50442086648984
85.70954907161804
85.37798408488064
83.49911582670204
79.24403183023873
74.98894783377541
71.78381962864721
71.61803713527851
72.44694960212202
72.72325375773652
